1.890000000000000000e+03 -3.259633083854702323e-04
1.890049999999999955e+03 -3.504886982822271076e-04
1.890099999999999909e+03 -4.890438305312999698e-04
1.890150000000000091e+03 -6.046241384277566740e-04
1.890200000000000045e+03 -4.952183645924836597e-04
1.890250000000000000e+03 -4.424053329798488705e-04
1.890299999999999955e+03 -5.521803746430751234e-04
1.890349999999999909e+03 -4.460668798008791307e-04
1.890400000000000091e+03 -2.882835390614989614e-04
1.890450000000000045e+03 -2.535101930950616725e-04
1.890500000000000000e+03 -2.560696761922292078e-04
1.890549999999999955e+03 -2.898109536275877496e-04
1.890599999999999909e+03 -2.957860672838508848e-04
1.890650000000000091e+03 -3.307208297675810933e-04
1.890700000000000045e+03 -4.031395750080590205e-04
1.890750000000000000e+03 -3.838807942674410064e-04
1.890799999999999955e+03 -5.890533090805002070e-04
1.890849999999999909e+03 -6.201037890860783752e-04
1.890900000000000091e+03 -7.095054227012736461e-04
1.890950000000000045e+03 -7.539840889010632381e-04
1.891000000000000000e+03 -6.796086396653537283e-04
1.891049999999999955e+03 -5.312945800575038461e-04
1.891099999999999909e+03 -5.415036796613151120e-04
1.891150000000000091e+03 -3.681075652467636792e-04
1.891200000000000045e+03 -2.560892106300993341e-04
1.891250000000000000e+03 -2.895963622996468095e-04
1.891299999999999955e+03 -3.993441328986922583e-04
1.891349999999999909e+03 -3.912062091705767008e-04
1.891400000000000091e+03 -5.330164967964638647e-04
1.891450000000000045e+03 -7.433066470970727587e-04
1.891500000000000000e+03 -6.472194218822181636e-04
1.891549999999999955e+03 -6.208075478853873619e-04
1.891599999999999909e+03 -8.323546122066149315e-04
1.891650000000000091e+03 -7.215042937452180189e-04
1.891700000000000045e+03 -6.896581820523086694e-04
1.891750000000000000e+03 -6.491900930782727470e-04
1.891799999999999955e+03 -6.204382251984621576e-04
1.891849999999999909e+03 -6.265888665926895064e-04
1.891900000000000091e+03 -5.731781634861613829e-04
1.891950000000000045e+03 -3.407490555023117308e-04
1.892000000000000000e+03 -2.245823537626640996e-04
1.892049999999999955e+03 -3.550477228168287883e-04
1.892099999999999909e+03 -5.072906727011969145e-04
1.892150000000000091e+03 -4.286562673775789773e-04
1.892200000000000045e+03 -2.545781848765074824e-04
1.892250000000000000e+03 -1.236265289746358480e-04
1.892299999999999955e+03 -1.823338809561516867e-04
1.892349999999999909e+03 -1.915715348480376301e-04
1.892400000000000091e+03 -1.338474966422178373e-04
1.892450000000000045e+03 1.231734010290451713e-04
1.892500000000000000e+03 2.921088382455630387e-04
1.892549999999999955e+03 4.412432061250751419e-04
1.892599999999999909e+03 5.484323142298944478e-04
1.892650000000000091e+03 7.052409716626128816e-04
1.892700000000000045e+03 7.114175612808735540e-04
1.892750000000000000e+03 6.628301506323277864e-04
1.892799999999999955e+03 9.110505445152450137e-04
1.892849999999999909e+03 1.086101563043300475e-03
1.892900000000000091e+03 1.214704624273788306e-03
1.892950000000000045e+03 1.227846413644188015e-03
1.893000000000000000e+03 1.309641293421952377e-03
1.893049999999999955e+03 1.378229553741950860e-03
1.893099999999999909e+03 1.414797137408450260e-03
1.893150000000000091e+03 1.541927504529228520e-03
1.893200000000000045e+03 1.711425388469331932e-03
1.893250000000000000e+03 1.956292268814933087e-03
1.893299999999999955e+03 1.948303599903579474e-03
1.893349999999999909e+03 2.139579306037531214e-03
1.893400000000000091e+03 2.310067772222327599e-03
1.893450000000000045e+03 2.137985085050946553e-03
1.893500000000000000e+03 2.139574549290708828e-03
1.893549999999999955e+03 2.246085554129255164e-03
1.893599999999999909e+03 2.261290193597813129e-03
1.893650000000000091e+03 2.094308268322550830e-03
1.893700000000000045e+03 2.122774966630258924e-03
1.893750000000000000e+03 2.028966903711848079e-03
1.893799999999999955e+03 1.975885871696083512e-03
1.893849999999999909e+03 1.919744198625314251e-03
1.893900000000000091e+03 1.714562104639399563e-03
1.893950000000000045e+03 1.486871846883853912e-03
1.894000000000000000e+03 1.446635475267116396e-03
1.894049999999999955e+03 1.473624785725030596e-03
1.894099999999999909e+03 1.417100076954437094e-03
1.894150000000000091e+03 1.028399016604109950e-03
1.894200000000000045e+03 8.323619389920316938e-04
1.894250000000000000e+03 7.090214528882555437e-04
1.894299999999999955e+03 4.090897491761274520e-04
1.894349999999999909e+03 1.028439336757081771e-04
1.894400000000000091e+03 1.022900071921354487e-04
1.894450000000000045e+03 -3.085177770898025681e-04
1.894500000000000000e+03 -5.260011019601706743e-04
1.894549999999999955e+03 -5.387243498619375716e-04
1.894599999999999909e+03 -6.352337923836404946e-04
1.894650000000000091e+03 -8.513460254554250980e-04
1.894700000000000045e+03 -8.640701346159309097e-04
1.894750000000000000e+03 -1.123314215040573496e-03
1.894799999999999955e+03 -1.219496546813875898e-03
1.894849999999999909e+03 -1.403069177538735510e-03
1.894900000000000091e+03 -1.626280890148699455e-03
1.894950000000000045e+03 -1.731509649924314453e-03
1.895000000000000000e+03 -1.896454155314459319e-03
1.895049999999999955e+03 -1.845098122020416218e-03
1.895099999999999909e+03 -1.928156560379861318e-03
1.895150000000000091e+03 -1.937762965776923052e-03
1.895200000000000045e+03 -1.990315427258570850e-03
1.895250000000000000e+03 -1.969612040132936396e-03
1.895299999999999955e+03 -1.846429785757569379e-03
1.895349999999999909e+03 -1.944516604567039742e-03
1.895400000000000091e+03 -1.878084167414876583e-03
1.895450000000000045e+03 -1.938720064775540514e-03
1.895500000000000000e+03 -1.859872281733444561e-03
1.895549999999999955e+03 -1.794871110490534657e-03
1.895599999999999909e+03 -1.750547069876241812e-03
1.895650000000000091e+03 -1.945841527077716345e-03
1.895700000000000045e+03 -1.869682411977427981e-03
1.895750000000000000e+03 -1.894799253128624577e-03
1.895799999999999955e+03 -2.059858495031195204e-03
1.895849999999999909e+03 -1.971230683764047149e-03
1.895900000000000091e+03 -1.754940082156857678e-03
1.895950000000000045e+03 -1.948491303129139740e-03
1.896000000000000000e+03 -1.807779777148345920e-03
1.896049999999999955e+03 -1.716325969779526313e-03
1.896099999999999909e+03 -1.777424637815468297e-03
1.896150000000000091e+03 -1.688051552791531825e-03
1.896200000000000045e+03 -1.447105643225981555e-03
1.896250000000000000e+03 -1.257022450444988167e-03
1.896299999999999955e+03 -1.233920952524600973e-03
1.896349999999999909e+03 -1.027323844689410990e-03
1.896400000000000091e+03 -8.458059596821853200e-04
1.896450000000000045e+03 -6.762266486526539826e-04
1.896500000000000000e+03 -5.708722689377453835e-04
1.896549999999999955e+03 -3.587951524672311921e-04
1.896599999999999909e+03 -4.351570752970866348e-04
1.896650000000000091e+03 -3.949098407019746527e-04
1.896700000000000045e+03 -3.507582027335561306e-04
1.896750000000000000e+03 -3.158253555269921161e-04
1.896799999999999955e+03 -3.325730281673762163e-04
1.896849999999999909e+03 -3.433050684115983471e-04
1.896900000000000091e+03 -1.960705179625267221e-04
1.896950000000000045e+03 -2.948198319234026548e-04
1.897000000000000000e+03 -1.311994015626031314e-04
1.897049999999999955e+03 -1.135408604284339875e-04
1.897099999999999909e+03 8.508160741525782906e-05
1.897150000000000091e+03 7.346959471212714376e-05
1.897200000000000045e+03 2.602088199901898434e-04
1.897250000000000000e+03 2.254909842578878233e-04
1.897299999999999955e+03 5.202423553806958699e-04
1.897349999999999909e+03 5.012506694299811343e-04
1.897400000000000091e+03 7.917746254027680647e-04
1.897450000000000045e+03 7.778452061519327545e-04
1.897500000000000000e+03 9.678927712641988102e-04
1.897549999999999955e+03 9.714835627659893901e-04
1.897599999999999909e+03 8.641009000220616770e-04
1.897650000000000091e+03 1.091027056311404814e-03
1.897700000000000045e+03 1.027113162755217144e-03
1.897750000000000000e+03 1.013251085279640723e-03
1.897799999999999955e+03 9.784401783413882239e-04
1.897849999999999909e+03 9.810196803951515363e-04
1.897900000000000091e+03 1.173597675776480963e-03
1.897950000000000045e+03 1.341727404061887488e-03
1.898000000000000000e+03 1.399686057667704625e-03
1.898049999999999955e+03 1.621280521301030671e-03
1.898099999999999909e+03 1.947102485887900261e-03
1.898150000000000091e+03 2.242041090554896220e-03
1.898200000000000045e+03 2.121639922031025131e-03
1.898250000000000000e+03 2.187727724971107006e-03
1.898299999999999955e+03 2.222655928322361286e-03
1.898349999999999909e+03 2.286453500879654516e-03
1.898400000000000091e+03 2.260829336229020110e-03
1.898450000000000045e+03 2.351526910835176863e-03
1.898500000000000000e+03 2.052966089602249050e-03
1.898549999999999955e+03 2.031645654851161470e-03
1.898599999999999909e+03 1.652670302364097916e-03
1.898650000000000091e+03 1.769552967458380742e-03
1.898700000000000045e+03 1.507659766623838365e-03
1.898750000000000000e+03 1.492762827315427445e-03
1.898799999999999955e+03 1.092443925234404516e-03
1.898849999999999909e+03 1.207377364545540168e-03
1.898900000000000091e+03 1.165755626772106745e-03
1.898950000000000045e+03 1.024984493091306986e-03
1.899000000000000000e+03 8.838797883247860501e-04
1.899049999999999955e+03 8.243506174238459435e-04
1.899099999999999909e+03 6.763634007399105773e-04
1.899150000000000091e+03 3.015271014404396002e-04
1.899200000000000045e+03 4.129504158172508932e-04
1.899250000000000000e+03 4.086385165821546702e-04
1.899299999999999955e+03 2.603178682497773403e-04
1.899349999999999909e+03 1.388476998125474232e-04
1.899400000000000091e+03 -8.422316989223398512e-07
1.899450000000000045e+03 1.680306419531882550e-04
1.899500000000000000e+03 -8.418783766174422079e-05
1.899549999999999955e+03 -2.958415842362397113e-05
1.899599999999999909e+03 8.255484589949664423e-05
1.899650000000000091e+03 -2.610167799528707714e-04
1.899700000000000045e+03 -3.936978559346274642e-04
1.899750000000000000e+03 -3.129302391688691177e-04
1.899799999999999955e+03 -5.858882099253777658e-04
1.899849999999999909e+03 -5.897464699126520179e-04
1.899900000000000091e+03 -5.551893661502705713e-04
1.899950000000000045e+03 -6.169800134096114662e-04
1.900000000000000000e+03 -7.580275898300847153e-04
1.900049999999999955e+03 -5.354349206058404715e-04
1.900099999999999909e+03 -5.754494114590246335e-04
1.900150000000000091e+03 -4.306439193712333080e-04
1.900200000000000045e+03 -2.947139932600404549e-04
1.900250000000000000e+03 -2.837760091630285326e-04
1.900299999999999955e+03 -2.574943293781424211e-04
1.900349999999999909e+03 -4.449144149617388286e-04
1.900400000000000091e+03 -5.802670742299541936e-04
1.900450000000000045e+03 -5.262250992662891556e-04
1.900500000000000000e+03 -5.919823020699580343e-04
1.900549999999999955e+03 -6.916499797465444372e-04
1.900599999999999909e+03 -6.718919784587057496e-04
1.900650000000000091e+03 -7.127777709696613180e-04
1.900700000000000045e+03 -9.577890658658693053e-04
1.900750000000000000e+03 -7.029224649030617160e-04
1.900799999999999955e+03 -9.036179236141764649e-04
1.900849999999999909e+03 -9.005598090208854350e-04
1.900900000000000091e+03 -8.001273998920581387e-04
1.900950000000000045e+03 -6.827826539960702400e-04
1.901000000000000000e+03 -7.791739942248506433e-04
1.901049999999999955e+03 -6.029795508910216172e-04
1.901099999999999909e+03 -6.541102814177552661e-04
1.901150000000000091e+03 -7.764382627527721854e-04
1.901200000000000045e+03 -7.305621518683916987e-04
1.901250000000000000e+03 -8.407520338576189144e-04
1.901299999999999955e+03 -8.732985594008509447e-04
1.901349999999999909e+03 -1.183716797522460420e-03
1.901400000000000091e+03 -1.190742752156819526e-03
1.901450000000000045e+03 -1.178788447440501591e-03
1.901500000000000000e+03 -1.219648912458167660e-03
1.901549999999999955e+03 -1.320399384857955929e-03
1.901599999999999909e+03 -1.378153091438178877e-03
1.901650000000000091e+03 -1.508311654098550524e-03
1.901700000000000045e+03 -1.435228850221939492e-03
1.901750000000000000e+03 -1.354694874204596554e-03
1.901799999999999955e+03 -1.385358751750827766e-03
1.901849999999999909e+03 -1.356688279434178695e-03
1.901900000000000091e+03 -1.170176249144865097e-03
1.901950000000000045e+03 -1.275738146042656486e-03
1.902000000000000000e+03 -1.216811713467152480e-03
1.902049999999999955e+03 -1.214234786288325698e-03
1.902099999999999909e+03 -1.167169294185423653e-03
1.902150000000000091e+03 -1.004290020188902547e-03
1.902200000000000045e+03 -1.041318411091403601e-03
1.902250000000000000e+03 -9.904835653697448457e-04
1.902299999999999955e+03 -8.623458371298469262e-04
1.902349999999999909e+03 -9.581250526569824993e-04
1.902400000000000091e+03 -8.906018216297677823e-04
1.902450000000000045e+03 -7.757944959933041600e-04
1.902500000000000000e+03 -7.621949988561092619e-04
1.902549999999999955e+03 -6.260700683489491686e-04
1.902599999999999909e+03 -4.032165436202135925e-04
1.902650000000000091e+03 -2.814031507980691840e-04
1.902700000000000045e+03 1.790642260779710601e-05
1.902750000000000000e+03 3.373453570481758186e-04
1.902799999999999955e+03 5.814608423204756368e-04
1.902849999999999909e+03 4.579514941409583016e-04
1.902900000000000091e+03 6.775160300187217438e-04
1.902950000000000045e+03 5.958602675528800558e-04
1.903000000000000000e+03 6.728456308670522149e-04
1.903049999999999955e+03 6.848967718566243475e-04
1.903099999999999909e+03 7.325568257977373588e-04
1.903150000000000091e+03 8.903369047567219431e-04
1.903200000000000045e+03 7.573905628428578623e-04
1.903250000000000000e+03 8.939750980026038400e-04
1.903299999999999955e+03 8.120132130961242893e-04
1.903349999999999909e+03 9.620930186489518683e-04
1.903400000000000091e+03 1.018862945153620452e-03
1.903450000000000045e+03 9.058532295445880650e-04
1.903500000000000000e+03 9.429502582005994810e-04
1.903549999999999955e+03 8.771616229831097605e-04
1.903599999999999909e+03 7.423894452155735922e-04
1.903650000000000091e+03 4.380999772951425526e-04
1.903700000000000045e+03 9.895155614586753981e-05
1.903750000000000000e+03 -2.134401108645697653e-04
1.903799999999999955e+03 -5.253646937172411560e-04
1.903849999999999909e+03 -3.437768325949804374e-04
1.903900000000000091e+03 -3.763041129878211873e-04
1.903950000000000045e+03 2.845893235995208999e-04
1.904000000000000000e+03 7.660790299728653576e-04
1.904049999999999955e+03 1.344316101524840748e-03
1.904099999999999909e+03 2.129790888391909845e-03
1.904150000000000091e+03 2.606778676097468075e-03
1.904200000000000045e+03 2.966280589250871579e-03
1.904250000000000000e+03 3.120868363190255380e-03
1.904299999999999955e+03 3.176179178377177507e-03
1.904349999999999909e+03 2.935848123348212737e-03
1.904400000000000091e+03 2.984069642254092575e-03
1.904450000000000045e+03 2.860588626276545660e-03
1.904500000000000000e+03 2.674015541986501758e-03
1.904549999999999955e+03 2.824567094564187694e-03
1.904599999999999909e+03 2.737883028590196166e-03
1.904650000000000091e+03 3.110654160998163609e-03
1.904700000000000045e+03 3.431535106929444780e-03
1.904750000000000000e+03 4.198104222038065263e-03
1.904799999999999955e+03 4.959204704187821812e-03
1.904849999999999909e+03 6.076599234483794597e-03
1.904900000000000091e+03 7.339903615030202166e-03
1.904950000000000045e+03 8.976987667198938967e-03
1.905000000000000000e+03 1.075092102998061877e-02
1.905049999999999955e+03 1.301382800926604959e-02
1.905099999999999909e+03 1.615283024663068459e-02
1.905150000000000091e+03 1.973959870840508168e-02
1.905200000000000045e+03 2.464081287972644252e-02
1.905250000000000000e+03 3.082850374496875351e-02
1.905299999999999955e+03 3.864658306664209980e-02
1.905349999999999909e+03 4.766742713609561921e-02
1.905400000000000091e+03 5.846552920973039497e-02
1.905450000000000045e+03 6.967474287182581771e-02
1.905500000000000000e+03 8.012867823610352047e-02
1.905549999999999955e+03 8.707991590945428351e-02
1.905599999999999909e+03 8.657409550746651694e-02
1.905650000000000091e+03 7.396974799044946092e-02
1.905700000000000045e+03 4.456630144200919574e-02
1.905750000000000000e+03 -4.986068618317934797e-03
1.905799999999999955e+03 -7.459184285641833057e-02
1.905849999999999909e+03 -1.589796714048192783e-01
1.905900000000000091e+03 -2.465414033246565162e-01
1.905950000000000045e+03 -3.211025476689711167e-01
1.906000000000000000e+03 -3.644519292176605640e-01
1.906049999999999955e+03 -3.627942184637383827e-01
1.906099999999999909e+03 -3.111664509528153100e-01
1.906150000000000091e+03 -2.169610484596085631e-01
1.906200000000000045e+03 -9.834211450589377956e-02
1.906250000000000000e+03 2.098048170502014864e-02
1.906299999999999955e+03 1.205715489399509233e-01
1.906349999999999909e+03 1.864489621023093235e-01
1.906400000000000091e+03 2.158888823486981856e-01
1.906450000000000045e+03 2.141256201232923373e-01
1.906500000000000000e+03 1.904572363470973806e-01
1.906549999999999955e+03 1.559080838974671868e-01
1.906599999999999909e+03 1.185898270019692669e-01
1.906650000000000091e+03 8.409250736886894617e-02
1.906700000000000045e+03 5.539661686349615227e-02
1.906750000000000000e+03 3.281458815564836096e-02
1.906799999999999955e+03 1.573802847751030326e-02
1.906849999999999909e+03 4.552866458783541570e-03
1.906900000000000091e+03 -5.348894617193677981e-05
1.906950000000000045e+03 3.813616596402315262e-03
1.907000000000000000e+03 1.522291990120486216e-02
1.907049999999999955e+03 3.095933796826725801e-02
1.907099999999999909e+03 4.505214621377764267e-02
1.907150000000000091e+03 5.146204868616536393e-02
1.907200000000000045e+03 4.673809972118476291e-02
1.907250000000000000e+03 3.090068469274524776e-02
1.907299999999999955e+03 7.893479736994883644e-03
1.907349999999999909e+03 -1.703639946179631715e-02
1.907400000000000091e+03 -3.830522915616682567e-02
1.907450000000000045e+03 -5.000961679013940508e-02
1.907500000000000000e+03 -4.790494463569551498e-02
1.907549999999999955e+03 -2.918021654905685741e-02
1.907599999999999909e+03 4.564710926327850832e-03
1.907650000000000091e+03 4.652209456530369269e-02
1.907700000000000045e+03 8.638644906718566385e-02
1.907750000000000000e+03 1.133995745030024899e-01
1.907799999999999955e+03 1.195205043295541336e-01
1.907849999999999909e+03 1.016669805717060060e-01
1.907900000000000091e+03 6.301436247262340307e-02
1.907950000000000045e+03 1.057016480506643707e-02
1.908000000000000000e+03 -4.576737389384924470e-02
1.908049999999999955e+03 -9.491418621501163111e-02
1.908099999999999909e+03 -1.258374868732019258e-01
1.908150000000000091e+03 -1.329042827749095379e-01
1.908200000000000045e+03 -1.164926122715678886e-01
1.908250000000000000e+03 -8.377779237945101598e-02
1.908299999999999955e+03 -4.678022002316447464e-02
1.908349999999999909e+03 -1.577786547575216192e-02
1.908400000000000091e+03 3.741274022020520118e-03
1.908450000000000045e+03 1.188668782910436150e-02
1.908500000000000000e+03 1.323499155177920023e-02
1.908549999999999955e+03 1.172312486013094707e-02
1.908599999999999909e+03 9.697382942871722589e-03
1.908650000000000091e+03 6.963774644239164452e-03
1.908700000000000045e+03 3.553271828463318988e-03
1.908750000000000000e+03 -5.611794229635133635e-04
1.908799999999999955e+03 -5.018755387151643821e-03
1.908849999999999909e+03 -9.050546354646027414e-03
1.908900000000000091e+03 -1.224142358188683687e-02
1.908950000000000045e+03 -1.455797643564162025e-02
1.909000000000000000e+03 -1.605083320753119061e-02
1.909049999999999955e+03 -1.739147117344923971e-02
1.909099999999999909e+03 -1.949234022579925812e-02
1.909150000000000091e+03 -2.244191357250560973e-02
1.909200000000000045e+03 -2.567177380472076761e-02
1.909250000000000000e+03 -2.691204469795056148e-02
1.909299999999999955e+03 -2.297963832739653017e-02
1.909349999999999909e+03 -1.276271572332815171e-02
1.909400000000000091e+03 3.272400428678171047e-03
1.909450000000000045e+03 2.223170082986455215e-02
1.909500000000000000e+03 4.062192110455408595e-02
1.909549999999999955e+03 5.462257140335811251e-02
1.909599999999999909e+03 6.210521926714381719e-02
1.909650000000000091e+03 6.090571376175549223e-02
1.909700000000000045e+03 4.938466477251707287e-02
1.909750000000000000e+03 2.729427275403484981e-02
1.909799999999999955e+03 -2.552365962710807790e-03
1.909849999999999909e+03 -3.388159806206432478e-02
1.909900000000000091e+03 -5.851275031925280701e-02
1.909950000000000045e+03 -6.929017652229001178e-02
1.910000000000000000e+03 -6.288278903492719452e-02
1.910049999999999955e+03 -4.133699986792376685e-02
1.910099999999999909e+03 -1.042835412423820385e-02
1.910150000000000091e+03 2.138661419209211129e-02
1.910200000000000045e+03 4.612940858782403619e-02
1.910250000000000000e+03 5.787483394763717065e-02
1.910299999999999955e+03 5.440551581198642406e-02
1.910349999999999909e+03 3.781964047924236960e-02
1.910400000000000091e+03 1.371876940535568350e-02
1.910450000000000045e+03 -1.044081605793992229e-02
1.910500000000000000e+03 -2.872800677282939807e-02
1.910549999999999955e+03 -3.858856264328020674e-02
1.910599999999999909e+03 -4.027880764749380837e-02
1.910650000000000091e+03 -3.663765054842736679e-02
1.910700000000000045e+03 -2.985191790909635587e-02
1.910750000000000000e+03 -2.144574079095051822e-02
1.910799999999999955e+03 -1.170840467491901342e-02
1.910849999999999909e+03 -2.859916242651909524e-05
1.910900000000000091e+03 1.275447216696068073e-02
1.910950000000000045e+03 2.471322072265931535e-02
1.911000000000000000e+03 3.275662803445295035e-02
1.911049999999999955e+03 3.436044405853529854e-02
1.911099999999999909e+03 2.819342397348188062e-02
1.911150000000000091e+03 1.640219907974273250e-02
1.911200000000000045e+03 2.974888569486374909e-03
1.911250000000000000e+03 -6.439907648719777472e-03
1.911299999999999955e+03 -8.426142476207241355e-03
1.911349999999999909e+03 -3.291619741245111266e-03
1.911400000000000091e+03 5.187288006618231972e-03
1.911450000000000045e+03 1.148889671897060372e-02
1.911500000000000000e+03 1.297280839782970902e-02
1.911549999999999955e+03 1.051099322549460535e-02
1.911599999999999909e+03 8.095184665632259441e-03
1.911650000000000091e+03 8.224490526313138136e-03
1.911700000000000045e+03 1.079525923689511786e-02
1.911750000000000000e+03 1.273106718421556857e-02
1.911799999999999955e+03 1.057905463092114959e-02
1.911849999999999909e+03 2.444626912923649961e-03
1.911900000000000091e+03 -1.036906215318113278e-02
1.911950000000000045e+03 -2.356676692675288565e-02
1.912000000000000000e+03 -3.273382270399171484e-02
1.912049999999999955e+03 -3.491748576035298701e-02
1.912099999999999909e+03 -3.000325141308512675e-02
1.912150000000000091e+03 -1.883322045863983912e-02
1.912200000000000045e+03 -5.272893076769352011e-03
1.912250000000000000e+03 8.604395893917027999e-03
1.912299999999999955e+03 1.993956057839488608e-02
1.912349999999999909e+03 2.670217498410838719e-02
1.912400000000000091e+03 2.836891238088701597e-02
1.912450000000000045e+03 2.509194008225553232e-02
1.912500000000000000e+03 1.764977406526786058e-02
1.912549999999999955e+03 7.584774157907583567e-03
1.912599999999999909e+03 -3.580142651124863795e-03
1.912650000000000091e+03 -1.427710965767077164e-02
1.912700000000000045e+03 -2.180632680861364914e-02
1.912750000000000000e+03 -2.381234201708760934e-02
1.912799999999999955e+03 -1.912723123293353159e-02
1.912849999999999909e+03 -9.310484045900088365e-03
1.912900000000000091e+03 1.558883137993026351e-03
1.912950000000000045e+03 8.826026891983859007e-03
1.913000000000000000e+03 1.021076270363327314e-02
1.913049999999999955e+03 7.372946081556653805e-03
1.913099999999999909e+03 4.338612138552962877e-03
1.913150000000000091e+03 4.363579720344726819e-03
1.913200000000000045e+03 7.492376707208003341e-03
1.913250000000000000e+03 1.183524831253579893e-02
1.913299999999999955e+03 1.410012211527253596e-02
1.913349999999999909e+03 1.267843584700199117e-02
1.913400000000000091e+03 8.048163362558752656e-03
1.913450000000000045e+03 1.863896285886553015e-03
1.913500000000000000e+03 -5.049806338394744951e-03
1.913549999999999955e+03 -1.156607681372508883e-02
1.913599999999999909e+03 -1.701003039698975594e-02
1.913650000000000091e+03 -1.978371634234432283e-02
1.913700000000000045e+03 -1.915067230790799824e-02
1.913750000000000000e+03 -1.440270406742159490e-02
1.913799999999999955e+03 -6.849981020625964256e-03
1.913849999999999909e+03 1.748632720063224288e-03
1.913900000000000091e+03 7.722044934141976402e-03
1.913950000000000045e+03 9.503754785516025164e-03
1.914000000000000000e+03 6.815014457578929923e-03
1.914049999999999955e+03 8.428751517269416488e-04
1.914099999999999909e+03 -5.961700716949058614e-03
1.914150000000000091e+03 -1.077176164305440956e-02
1.914200000000000045e+03 -1.250251712345395658e-02
1.914250000000000000e+03 -1.027383618686743098e-02
1.914299999999999955e+03 -4.447047415437036313e-03
1.914349999999999909e+03 3.370138951316463058e-03
1.914400000000000091e+03 1.148523644780199277e-02
1.914450000000000045e+03 1.640693497787016480e-02
1.914500000000000000e+03 1.675814996152730565e-02
1.914549999999999955e+03 1.170068153922543784e-02
1.914599999999999909e+03 2.904237035228261765e-03
1.914650000000000091e+03 -6.812755184556311405e-03
1.914700000000000045e+03 -1.448087559587773500e-02
1.914750000000000000e+03 -1.776659551648937518e-02
1.914799999999999955e+03 -1.619423714948618753e-02
1.914849999999999909e+03 -1.131382881329334039e-02
1.914900000000000091e+03 -5.041951555228491900e-03
1.914950000000000045e+03 9.320613851033360264e-04
1.915000000000000000e+03 6.009993446290599894e-03
1.915049999999999955e+03 1.053163695255498848e-02
1.915099999999999909e+03 1.573345431118620963e-02
1.915150000000000091e+03 2.274534910303321542e-02
1.915200000000000045e+03 3.129048890937699556e-02
1.915250000000000000e+03 3.841981440400515924e-02
1.915299999999999955e+03 3.959388948283097676e-02
1.915349999999999909e+03 3.150508280174176001e-02
1.915400000000000091e+03 1.361172371917902107e-02
1.915450000000000045e+03 -1.022314460040639472e-02
1.915500000000000000e+03 -3.296472330159359865e-02
1.915549999999999955e+03 -4.709410482022290123e-02
1.915599999999999909e+03 -4.935394592510695261e-02
1.915650000000000091e+03 -4.021515664052290051e-02
1.915700000000000045e+03 -2.384752060462924650e-02
1.915750000000000000e+03 -6.902080141566526404e-03
1.915799999999999955e+03 5.778520363787148506e-03
1.915849999999999909e+03 1.175589232844559059e-02
1.915900000000000091e+03 1.121386513074398156e-02
1.915950000000000045e+03 7.507871293774190033e-03
1.916000000000000000e+03 4.317231213560040679e-03
1.916049999999999955e+03 4.060217876930009157e-03
1.916099999999999909e+03 6.252939055987189604e-03
1.916150000000000091e+03 8.727317528996971288e-03
1.916200000000000045e+03 8.661527048476506258e-03
1.916250000000000000e+03 4.652169885336718269e-03
1.916299999999999955e+03 -2.208679947836301918e-03
1.916349999999999909e+03 -7.963791009064986187e-03
1.916400000000000091e+03 -9.922477571728321663e-03
1.916450000000000045e+03 -7.365995872908966645e-03
1.916500000000000000e+03 -2.413162452559523222e-03
1.916549999999999955e+03 1.770391622834484140e-03
1.916599999999999909e+03 3.301814958412431153e-03
1.916650000000000091e+03 1.981773768568424222e-03
1.916700000000000045e+03 3.463071377958670729e-04
1.916750000000000000e+03 1.925285320900047307e-04
1.916799999999999955e+03 2.370642849510174507e-03
1.916849999999999909e+03 5.050575377578676514e-03
1.916900000000000091e+03 7.130031907417138173e-03
1.916950000000000045e+03 7.142823572317170619e-03
1.917000000000000000e+03 5.503475804200385832e-03
1.917049999999999955e+03 4.025331536960398936e-03
1.917099999999999909e+03 3.698553724366884440e-03
1.917150000000000091e+03 4.896704735387541647e-03
1.917200000000000045e+03 6.204892822047797935e-03
1.917250000000000000e+03 6.110266045284233442e-03
1.917299999999999955e+03 4.273136950699312972e-03
1.917349999999999909e+03 4.462285296950333977e-04
1.917400000000000091e+03 -4.343262524337235600e-03
1.917450000000000045e+03 -9.644881788944490580e-03
1.917500000000000000e+03 -1.508981110817119060e-02
1.917549999999999955e+03 -2.027896506230934814e-02
1.917599999999999909e+03 -2.487680160368927612e-02
1.917650000000000091e+03 -2.719181943099121743e-02
1.917700000000000045e+03 -2.590606442936625384e-02
1.917750000000000000e+03 -2.049161487620960315e-02
1.917799999999999955e+03 -1.189348177529877745e-02
1.917849999999999909e+03 -1.607808004565074514e-03
1.917900000000000091e+03 9.029834519498108197e-03
1.917950000000000045e+03 1.931045970783213522e-02
1.918000000000000000e+03 2.872008854226783953e-02
1.918049999999999955e+03 3.552828334185283848e-02
1.918099999999999909e+03 3.817461763462971780e-02
1.918150000000000091e+03 3.461315563512641635e-02
1.918200000000000045e+03 2.476756284881489328e-02
1.918250000000000000e+03 9.897620165116064253e-03
1.918299999999999955e+03 -7.935894575320488059e-03
1.918349999999999909e+03 -2.533672290489986934e-02
1.918400000000000091e+03 -3.928013614953692473e-02
1.918450000000000045e+03 -4.617148419983919255e-02
1.918500000000000000e+03 -4.443595598599559687e-02
1.918549999999999955e+03 -3.374196491900782746e-02
1.918599999999999909e+03 -1.675194015281234600e-02
1.918650000000000091e+03 3.674570605560534275e-03
1.918700000000000045e+03 2.286079860099527600e-02
1.918750000000000000e+03 3.751202342334954837e-02
1.918799999999999955e+03 4.485864524046843937e-02
1.918849999999999909e+03 4.437865379242472708e-02
1.918900000000000091e+03 3.635159172307133452e-02
1.918950000000000045e+03 2.257819829110906812e-02
1.919000000000000000e+03 6.356105772216879765e-03
1.919049999999999955e+03 -8.746927716882332837e-03
1.919099999999999909e+03 -1.993816318994638681e-02
1.919150000000000091e+03 -2.578004907909094839e-02
1.919200000000000045e+03 -2.600788775173910536e-02
1.919250000000000000e+03 -2.187256439354912790e-02
1.919299999999999955e+03 -1.497240450392218342e-02
1.919349999999999909e+03 -7.017426636155560740e-03
1.919400000000000091e+03 -1.152542498078371405e-04
1.919450000000000045e+03 4.655654818460887995e-03
1.919500000000000000e+03 6.501157235130292436e-03
1.919549999999999955e+03 5.304586322295460309e-03
1.919599999999999909e+03 1.898781471287303447e-03
1.919650000000000091e+03 -1.547363930751612018e-03
1.919700000000000045e+03 -3.358333878874472569e-03
1.919750000000000000e+03 -1.762284903705337372e-03
1.919799999999999955e+03 3.382350796796669556e-03
1.919849999999999909e+03 9.570888421562416537e-03
1.919900000000000091e+03 1.351575813811111901e-02
1.919950000000000045e+03 1.273495901672801189e-02
1.920000000000000000e+03 6.485280972476160748e-03
1.920049999999999955e+03 -3.659372994479472875e-03
1.920099999999999909e+03 -1.440603652457425610e-02
1.920150000000000091e+03 -2.291101373074600975e-02
1.920200000000000045e+03 -2.650342742669827001e-02
1.920250000000000000e+03 -2.474362979170279322e-02
1.920299999999999955e+03 -1.760221199113749802e-02
1.920349999999999909e+03 -6.469751378435110653e-03
1.920400000000000091e+03 7.348118576548882258e-03
1.920450000000000045e+03 2.083488651191133315e-02
1.920500000000000000e+03 3.200747348158826389e-02
1.920549999999999955e+03 3.799112602429274843e-02
1.920599999999999909e+03 3.704529395972652045e-02
1.920650000000000091e+03 2.881766304278753771e-02
1.920700000000000045e+03 1.486960187582446122e-02
1.920750000000000000e+03 -1.110317596826110656e-03
1.920799999999999955e+03 -1.409987413138574439e-02
1.920849999999999909e+03 -1.928860099974268397e-02
1.920900000000000091e+03 -1.664579780297957903e-02
1.920950000000000045e+03 -8.948470176896356973e-03
1.921000000000000000e+03 -2.305200025084188069e-03
1.921049999999999955e+03 -1.627319123154885930e-03
1.921099999999999909e+03 -8.726894294188432960e-03
1.921150000000000091e+03 -2.039346627966477990e-02
1.921200000000000045e+03 -3.023359457206906478e-02
1.921250000000000000e+03 -3.278515977052367386e-02
1.921299999999999955e+03 -2.572051812885935845e-02
1.921349999999999909e+03 -1.086328586875855845e-02
1.921400000000000091e+03 6.447223250036018122e-03
1.921450000000000045e+03 2.131700022499311009e-02
1.921500000000000000e+03 2.963130195213171253e-02
1.921549999999999955e+03 3.163650805047249492e-02
1.921599999999999909e+03 2.886329164050025625e-02
1.921650000000000091e+03 2.320560684108918109e-02
1.921700000000000045e+03 1.493218917670489920e-02
1.921750000000000000e+03 4.089234396411737388e-03
1.921799999999999955e+03 -8.785860364835910985e-03
1.921849999999999909e+03 -2.144868904565811266e-02
1.921900000000000091e+03 -3.064436901445643721e-02
1.921950000000000045e+03 -3.338108827579419624e-02
1.922000000000000000e+03 -2.917365675132225708e-02
1.922049999999999955e+03 -1.912085918388914743e-02
1.922099999999999909e+03 -5.274468761805518879e-03
1.922150000000000091e+03 9.804406513885369906e-03
1.922200000000000045e+03 2.432273605116339749e-02
1.922250000000000000e+03 3.619978923558298672e-02
1.922299999999999955e+03 4.329649948405769194e-02
1.922349999999999909e+03 4.344149834162398111e-02
1.922400000000000091e+03 3.531155841438303467e-02
1.922450000000000045e+03 2.093342689633406750e-02
1.922500000000000000e+03 4.367228205807377125e-03
1.922549999999999955e+03 -9.719787349559350781e-03
1.922599999999999909e+03 -1.814866678299635258e-02
1.922650000000000091e+03 -2.151066437890804955e-02
1.922700000000000045e+03 -2.229675970477188601e-02
1.922750000000000000e+03 -2.380796266901235789e-02
1.922799999999999955e+03 -2.646839800113125890e-02
1.922849999999999909e+03 -2.869773000301715365e-02
1.922900000000000091e+03 -2.730376705255002645e-02
1.922950000000000045e+03 -1.925142246966276421e-02
1.923000000000000000e+03 -4.675324096974915744e-03
1.923049999999999955e+03 1.304116116908401665e-02
1.923099999999999909e+03 2.891223686393223219e-02
1.923150000000000091e+03 3.847044223585883299e-02
1.923200000000000045e+03 3.879735743648854429e-02
1.923250000000000000e+03 3.039708495089491619e-02
1.923299999999999955e+03 1.697128892820443102e-02
1.923349999999999909e+03 1.797095599349252809e-03
1.923400000000000091e+03 -1.089312775880636047e-02
1.923450000000000045e+03 -1.874264488597751632e-02
1.923500000000000000e+03 -2.087970695064198315e-02
1.923549999999999955e+03 -1.770816585264984797e-02
1.923599999999999909e+03 -1.116554455376547045e-02
1.923650000000000091e+03 -3.917504260754309242e-03
1.923700000000000045e+03 1.272930367651175371e-03
1.923750000000000000e+03 2.697016794353950669e-03
1.923799999999999955e+03 1.096186075512053503e-03
1.923849999999999909e+03 -3.136527210512423097e-03
1.923900000000000091e+03 -7.289372681953744035e-03
1.923950000000000045e+03 -9.438958189839847732e-03
1.924000000000000000e+03 -8.440366913733982068e-03
1.924049999999999955e+03 -4.210434931753729605e-03
1.924099999999999909e+03 2.937748205934207629e-03
1.924150000000000091e+03 1.070102098063909803e-02
1.924200000000000045e+03 1.702087591137856071e-02
1.924250000000000000e+03 1.961367597018755932e-02
1.924299999999999955e+03 1.739694449030811108e-02
1.924349999999999909e+03 1.058209893819537020e-02
1.924400000000000091e+03 1.261848491276213596e-03
1.924450000000000045e+03 -7.939436304325911062e-03
1.924500000000000000e+03 -1.454527832346854191e-02
1.924549999999999955e+03 -1.877453477154811257e-02
1.924599999999999909e+03 -2.008392276706388174e-02
1.924650000000000091e+03 -1.883272945184082114e-02
1.924700000000000045e+03 -1.580435704162207189e-02
1.924750000000000000e+03 -1.081873781840550844e-02
1.924799999999999955e+03 -4.917261331951782929e-03
1.924849999999999909e+03 2.880735592021340524e-04
1.924900000000000091e+03 3.615445668901484666e-03
1.924950000000000045e+03 4.441400482300010555e-03
1.925000000000000000e+03 3.454564779442653027e-03
1.925049999999999955e+03 1.418708069514111776e-03
1.925099999999999909e+03 -3.075597234161986902e-04
1.925150000000000091e+03 -1.069158446747501146e-03
1.925200000000000045e+03 -1.961567086909065880e-03
1.925250000000000000e+03 -2.898431069086757940e-03
1.925299999999999955e+03 -5.061520290094097090e-03
1.925349999999999909e+03 -7.906789459498107103e-03
1.925400000000000091e+03 -1.082395461444390222e-02
1.925450000000000045e+03 -1.258943485581448529e-02
1.925500000000000000e+03 -1.180948695663171233e-02
1.925549999999999955e+03 -8.340785062881201847e-03
1.925599999999999909e+03 -2.469198663421466773e-03
1.925650000000000091e+03 4.598985021802951684e-03
1.925700000000000045e+03 1.117350395537646153e-02
1.925750000000000000e+03 1.611557521961809111e-02
1.925799999999999955e+03 1.822832786524586357e-02
1.925849999999999909e+03 1.786779119645986666e-02
1.925900000000000091e+03 1.522598208998502886e-02
1.925950000000000045e+03 1.166967148426702530e-02
1.926000000000000000e+03 7.876997226670456875e-03
1.926049999999999955e+03 4.742536901903967629e-03
1.926099999999999909e+03 2.372463419782407622e-03
1.926150000000000091e+03 7.584658210122996458e-04
1.926200000000000045e+03 -4.285803951730501188e-04
1.926250000000000000e+03 -1.494211962884064646e-03
1.926299999999999955e+03 -2.488264662025427981e-03
1.926349999999999909e+03 -3.338292591117078545e-03
1.926400000000000091e+03 -3.661504979051453945e-03
1.926450000000000045e+03 -3.952674798208211104e-03
1.926500000000000000e+03 -3.617193172044032984e-03
1.926549999999999955e+03 -3.071838155794678719e-03
1.926599999999999909e+03 -1.309776052781801842e-03
1.926650000000000091e+03 1.184177116249831609e-03
1.926700000000000045e+03 4.378908858872681241e-03
1.926750000000000000e+03 6.985289080131723734e-03
1.926799999999999955e+03 7.218864015728978199e-03
1.926849999999999909e+03 3.829234484304048190e-03
1.926900000000000091e+03 -2.625377795798097477e-03
1.926950000000000045e+03 -9.777745729931456437e-03
1.927000000000000000e+03 -1.482951223153992915e-02
1.927049999999999955e+03 -1.549831371740037662e-02
1.927099999999999909e+03 -1.125385324749200895e-02
1.927150000000000091e+03 -3.097438952975282989e-03
1.927200000000000045e+03 6.496371176802307953e-03
1.927250000000000000e+03 1.540320161762319742e-02
1.927299999999999955e+03 2.161182370693661564e-02
1.927349999999999909e+03 2.449306922000567960e-02
1.927400000000000091e+03 2.339892064492457915e-02
1.927450000000000045e+03 1.906968915799495123e-02
1.927500000000000000e+03 1.192911942510067186e-02
1.927549999999999955e+03 2.814339438558891363e-03
1.927599999999999909e+03 -7.126275433387438407e-03
1.927650000000000091e+03 -1.571653486856737156e-02
1.927700000000000045e+03 -2.095778115727187085e-02
1.927750000000000000e+03 -2.120929994078799702e-02
1.927799999999999955e+03 -1.591557797242765943e-02
1.927849999999999909e+03 -6.583594228877475904e-03
1.927900000000000091e+03 3.475019953555888094e-03
1.927950000000000045e+03 1.111227275125405145e-02
1.928000000000000000e+03 1.453373934499200756e-02
1.928049999999999955e+03 1.322634393222107442e-02
1.928099999999999909e+03 8.750683432028463771e-03
1.928150000000000091e+03 2.431372406501572641e-03
1.928200000000000045e+03 -3.857939637494169766e-03
1.928250000000000000e+03 -8.696701113398333516e-03
1.928299999999999955e+03 -1.137054863742346239e-02
1.928349999999999909e+03 -1.110557480797328550e-02
1.928400000000000091e+03 -7.949251400279699203e-03
1.928450000000000045e+03 -2.520626478442696255e-03
1.928500000000000000e+03 3.964180306870894455e-03
1.928549999999999955e+03 8.890675281260409721e-03
1.928599999999999909e+03 1.133172263715403680e-02
1.928650000000000091e+03 1.060206577251840941e-02
1.928700000000000045e+03 6.881238269069026199e-03
1.928750000000000000e+03 1.833859943319071911e-03
1.928799999999999955e+03 -3.405184923677399226e-03
1.928849999999999909e+03 -7.966024199388320459e-03
1.928900000000000091e+03 -1.086763239011950474e-02
1.928950000000000045e+03 -1.195086011559705688e-02
1.929000000000000000e+03 -1.056910425705929329e-02
1.929049999999999955e+03 -7.284512163284250635e-03
1.929099999999999909e+03 -2.179198681217507996e-03
1.929150000000000091e+03 3.251853133447253977e-03
1.929200000000000045e+03 8.509641834887402348e-03
1.929250000000000000e+03 1.152182625706701762e-02
1.929299999999999955e+03 1.251712768282249588e-02
1.929349999999999909e+03 1.066153153745646488e-02
1.929400000000000091e+03 6.710114088633931453e-03
1.929450000000000045e+03 1.459254660168377536e-03
1.929500000000000000e+03 -3.858298343963658360e-03
1.929549999999999955e+03 -8.567100239698886843e-03
1.929599999999999909e+03 -1.138925035681258822e-02
1.929650000000000091e+03 -1.209333530454590605e-02
1.929700000000000045e+03 -1.036795194317078998e-02
1.929750000000000000e+03 -6.178279673174532673e-03
1.929799999999999955e+03 -6.595976456072547706e-04
1.929849999999999909e+03 4.458576633457755553e-03
1.929900000000000091e+03 7.641715362157512625e-03
1.929950000000000045e+03 8.263963962226183319e-03
1.930000000000000000e+03 6.404157545389701882e-03
1.930049999999999955e+03 3.754605037821844449e-03
1.930099999999999909e+03 1.356599231795755332e-03
1.930150000000000091e+03 -5.499991872641431202e-04
1.930200000000000045e+03 -2.037116061088562434e-03
1.930250000000000000e+03 -3.733536337653841058e-03
1.930299999999999955e+03 -5.764396431768068971e-03
1.930349999999999909e+03 -7.437796430142720044e-03
1.930400000000000091e+03 -8.215477053921182299e-03
1.930450000000000045e+03 -8.259724309363766781e-03
1.930500000000000000e+03 -7.767023987973355539e-03
1.930549999999999955e+03 -7.275200419285576640e-03
1.930599999999999909e+03 -6.988649382724575546e-03
1.930650000000000091e+03 -7.081881354260050054e-03
1.930700000000000045e+03 -6.907294134541196347e-03
1.930750000000000000e+03 -5.920703905150520759e-03
1.930799999999999955e+03 -3.920515106374733091e-03
1.930849999999999909e+03 -3.596864814889881232e-04
1.930900000000000091e+03 4.996325832010230922e-03
1.930950000000000045e+03 1.161366692410028233e-02
1.931000000000000000e+03 1.779434431967957808e-02
1.931049999999999955e+03 2.118027472036993972e-02
1.931099999999999909e+03 1.924102588579169881e-02
1.931150000000000091e+03 1.184219600937708519e-02
1.931200000000000045e+03 1.252585463205111924e-03
1.931250000000000000e+03 -9.594058139528214429e-03
1.931299999999999955e+03 -1.667574840603438385e-02
1.931349999999999909e+03 -1.794616877179489381e-02
1.931400000000000091e+03 -1.291628396898654614e-02
1.931450000000000045e+03 -3.407208979396222220e-03
1.931500000000000000e+03 7.905325710731183481e-03
1.931549999999999955e+03 1.722377052998504479e-02
1.931599999999999909e+03 2.177576723650110485e-02
1.931650000000000091e+03 2.030562083805773077e-02
1.931700000000000045e+03 1.289571516947652166e-02
1.931750000000000000e+03 2.281802811485833700e-03
1.931799999999999955e+03 -8.563670182504423689e-03
1.931849999999999909e+03 -1.685610587239064900e-02
1.931900000000000091e+03 -2.053752612014302439e-02
1.931950000000000045e+03 -1.956354085198694012e-02
1.932000000000000000e+03 -1.497754799531942314e-02
1.932049999999999955e+03 -8.830497640005225551e-03
1.932099999999999909e+03 -3.281933459203460312e-03
1.932150000000000091e+03 5.112365767502178790e-04
1.932200000000000045e+03 1.782885071191903613e-03
1.932250000000000000e+03 1.732275289337933954e-03
1.932299999999999955e+03 1.473514372296291439e-03
1.932349999999999909e+03 1.712609406274417673e-03
1.932400000000000091e+03 2.696918340954100862e-03
1.932450000000000045e+03 4.574779444470661836e-03
1.932500000000000000e+03 6.503704942186514480e-03
1.932549999999999955e+03 7.531957997681406822e-03
1.932599999999999909e+03 7.513719996018236071e-03
1.932650000000000091e+03 5.857558395771867224e-03
1.932700000000000045e+03 3.498332982443164846e-03
1.932750000000000000e+03 1.515840188107422503e-03
1.932799999999999955e+03 3.415857163575203304e-04
1.932849999999999909e+03 8.180036599395989344e-04
1.932900000000000091e+03 2.244316004964085672e-03
1.932950000000000045e+03 3.069373278431426159e-03
1.933000000000000000e+03 2.691994553870717156e-03
1.933049999999999955e+03 -3.643685523611319907e-04
1.933099999999999909e+03 -4.547716053534623173e-03
1.933150000000000091e+03 -8.558658872220271940e-03
1.933200000000000045e+03 -1.059814622047147020e-02
1.933250000000000000e+03 -9.536435172222622672e-03
1.933299999999999955e+03 -5.413407495419596260e-03
1.933349999999999909e+03 5.094584853727371875e-04
1.933400000000000091e+03 6.805038389633880080e-03
1.933450000000000045e+03 1.130281614664515634e-02
1.933500000000000000e+03 1.283456049426066198e-02
1.933549999999999955e+03 1.124440002054931387e-02
1.933599999999999909e+03 7.227485767825871099e-03
1.933650000000000091e+03 2.254600407295753815e-03
1.933700000000000045e+03 -2.201841634929002124e-03
1.933750000000000000e+03 -5.510801253513324116e-03
1.933799999999999955e+03 -7.123804654101435416e-03
1.933849999999999909e+03 -7.925419695024249478e-03
1.933900000000000091e+03 -8.645071130425410755e-03
1.933950000000000045e+03 -9.106133049887017022e-03
1.934000000000000000e+03 -9.197701948364406938e-03
1.934049999999999955e+03 -7.843314923140005945e-03
1.934099999999999909e+03 -4.794752589670730862e-03
1.934150000000000091e+03 -4.376691469426307116e-04
1.934200000000000045e+03 4.815359528672997699e-03
1.934250000000000000e+03 9.587153062713370255e-03
1.934299999999999955e+03 1.264342591085509601e-02
1.934349999999999909e+03 1.349497088612465825e-02
1.934400000000000091e+03 1.204664337857684099e-02
1.934450000000000045e+03 8.286627025496352827e-03
1.934500000000000000e+03 3.152609727240799492e-03
1.934549999999999955e+03 -2.324240281703968299e-03
1.934599999999999909e+03 -7.051730301658952135e-03
1.934650000000000091e+03 -9.150000513915922118e-03
1.934700000000000045e+03 -8.424958405848715498e-03
1.934750000000000000e+03 -5.679033434786505408e-03
1.934799999999999955e+03 -1.759265909844218720e-03
1.934849999999999909e+03 1.627700430720864511e-03
1.934900000000000091e+03 4.185799875464328232e-03
1.934950000000000045e+03 5.041006633677707315e-03
1.935000000000000000e+03 4.825048789657090768e-03
1.935049999999999955e+03 3.703059694502813630e-03
1.935099999999999909e+03 3.029424167831344487e-03
1.935150000000000091e+03 3.322516041372940848e-03
1.935200000000000045e+03 5.163522415197099175e-03
1.935250000000000000e+03 7.103808332732106275e-03
1.935299999999999955e+03 8.388346232360240073e-03
1.935349999999999909e+03 7.571149575305288759e-03
1.935400000000000091e+03 4.928756304334151045e-03
1.935450000000000045e+03 8.709865990891392171e-04
1.935500000000000000e+03 -3.125162033538034234e-03
1.935549999999999955e+03 -6.181282127902608392e-03
1.935599999999999909e+03 -8.284605777580406755e-03
1.935650000000000091e+03 -9.878248990280859981e-03
1.935700000000000045e+03 -1.059775862193274194e-02
1.935750000000000000e+03 -1.030274022092727941e-02
1.935799999999999955e+03 -8.519185842493746941e-03
1.935849999999999909e+03 -5.258465860947194107e-03
1.935900000000000091e+03 -1.224965755895378143e-03
1.935950000000000045e+03 1.984314162793408137e-03
1.936000000000000000e+03 3.576655537750765557e-03
1.936049999999999955e+03 2.943364757591196337e-03
1.936099999999999909e+03 -1.504138456232193000e-04
1.936150000000000091e+03 -4.270000548359863084e-03
1.936200000000000045e+03 -7.273531690517961133e-03
1.936250000000000000e+03 -8.274271530233537342e-03
1.936299999999999955e+03 -5.840483453643563298e-03
1.936349999999999909e+03 -7.710616720549038836e-04
1.936400000000000091e+03 5.461293799725290207e-03
1.936450000000000045e+03 1.117749580953918478e-02
1.936500000000000000e+03 1.457420970251676294e-02
1.936549999999999955e+03 1.510713164822365465e-02
1.936599999999999909e+03 1.306490912144955309e-02
1.936650000000000091e+03 8.807216046151273431e-03
1.936700000000000045e+03 3.064277621739682107e-03
1.936750000000000000e+03 -2.778409966819263451e-03
1.936799999999999955e+03 -7.902904884296070923e-03
1.936849999999999909e+03 -1.152818124857912623e-02
1.936900000000000091e+03 -1.251116010553690594e-02
1.936950000000000045e+03 -1.087275117870637603e-02
1.937000000000000000e+03 -7.232105216501111267e-03
1.937049999999999955e+03 -3.026075695125367889e-03
1.937099999999999909e+03 5.795915420795452744e-04
1.937150000000000091e+03 2.417440484578853473e-03
1.937200000000000045e+03 2.654091508329864228e-03
1.937250000000000000e+03 1.251221092833711915e-03
1.937299999999999955e+03 -8.521248952560681739e-04
1.937349999999999909e+03 -2.371844079422106601e-03
1.937400000000000091e+03 -2.932462966304478537e-03
1.937450000000000045e+03 -2.759767393191366828e-03
1.937500000000000000e+03 -1.927087667043503403e-03
1.937549999999999955e+03 -5.343250482716793964e-04
1.937599999999999909e+03 9.282654885025176834e-04
1.937650000000000091e+03 2.160666418360091250e-03
1.937700000000000045e+03 2.893317816005581532e-03
1.937750000000000000e+03 2.666732675627192430e-03
1.937799999999999955e+03 1.693673618482144112e-03
1.937849999999999909e+03 3.654888931405928095e-04
1.937900000000000091e+03 -9.439688589864817696e-04
1.937950000000000045e+03 -2.027297437259843304e-03
1.938000000000000000e+03 -2.094887074157483244e-03
1.938049999999999955e+03 -1.301981331449067426e-03
1.938099999999999909e+03 6.036449579724704161e-04
1.938150000000000091e+03 3.395109352677688156e-03
1.938200000000000045e+03 6.984583300451884663e-03
1.938250000000000000e+03 1.036065031484216525e-02
1.938299999999999955e+03 1.283862655963311818e-02
1.938349999999999909e+03 1.284471494134343389e-02
1.938400000000000091e+03 9.832786496930293399e-03
1.938450000000000045e+03 3.831132386471189366e-03
1.938500000000000000e+03 -3.310849517140950979e-03
1.938549999999999955e+03 -9.459271584954940387e-03
1.938599999999999909e+03 -1.267113520763310693e-02
1.938650000000000091e+03 -1.221822939319065424e-02
1.938700000000000045e+03 -8.780347168920975276e-03
1.938750000000000000e+03 -4.256837711600456806e-03
1.938799999999999955e+03 -5.776404864751184679e-04
1.938849999999999909e+03 4.825669163939819931e-04
1.938900000000000091e+03 -8.923108578678857778e-04
1.938950000000000045e+03 -3.896669472427766352e-03
1.939000000000000000e+03 -7.382002556815392760e-03
1.939049999999999955e+03 -9.388906398752963622e-03
1.939099999999999909e+03 -8.512803621136346560e-03
1.939150000000000091e+03 -4.512567995580884540e-03
1.939200000000000045e+03 2.296946562551184685e-03
1.939250000000000000e+03 9.329262509821701840e-03
1.939299999999999955e+03 1.447899131099081131e-02
1.939349999999999909e+03 1.574380306391726797e-02
1.939400000000000091e+03 1.172764643591935226e-02
1.939450000000000045e+03 3.453105902190228057e-03
1.939500000000000000e+03 -7.076501665088646281e-03
1.939549999999999955e+03 -1.673288297759881887e-02
1.939599999999999909e+03 -2.291069284114051127e-02
1.939650000000000091e+03 -2.333360648206994625e-02
1.939700000000000045e+03 -1.776684818322710538e-02
1.939750000000000000e+03 -8.226885593535683897e-03
1.939799999999999955e+03 2.536363456706264632e-03
1.939849999999999909e+03 1.171747046582177765e-02
1.939900000000000091e+03 1.672287268823191564e-02
1.939950000000000045e+03 1.803441263616870766e-02
1.940000000000000000e+03 1.589283891073133698e-02
1.940049999999999955e+03 1.188883664318709024e-02
1.940099999999999909e+03 7.387571156467053618e-03
1.940150000000000091e+03 3.382905624487764305e-03
1.940200000000000045e+03 3.441777246864195783e-04
1.940250000000000000e+03 -2.254353033783925916e-03
1.940299999999999955e+03 -4.458108546334526787e-03
1.940349999999999909e+03 -6.371117478077129026e-03
1.940400000000000091e+03 -7.217928723782103886e-03
1.940450000000000045e+03 -6.298022067412510812e-03
1.940500000000000000e+03 -3.012438170129438843e-03
1.940549999999999955e+03 2.075867700370183627e-03
1.940599999999999909e+03 7.100531089595881265e-03
1.940650000000000091e+03 1.058181083962738897e-02
1.940700000000000045e+03 1.117038373613124524e-02
1.940750000000000000e+03 8.938792599672845327e-03
1.940799999999999955e+03 4.885263522916028986e-03
1.940849999999999909e+03 9.820244020615747499e-04
1.940900000000000091e+03 -8.630525859334055305e-04
1.940950000000000045e+03 -1.001183955591328396e-03
1.941000000000000000e+03 -2.741560653601515449e-04
1.941049999999999955e+03 -1.851030084586919103e-04
1.941099999999999909e+03 -1.359063229352397949e-03
1.941150000000000091e+03 -3.544882980529581208e-03
1.941200000000000045e+03 -6.334898566544681225e-03
1.941250000000000000e+03 -8.672156746447067660e-03
1.941299999999999955e+03 -9.809747523859112944e-03
1.941349999999999909e+03 -9.713656961989974858e-03
1.941400000000000091e+03 -8.303303267347867528e-03
1.941450000000000045e+03 -5.187159690790943758e-03
1.941500000000000000e+03 -4.324584290212128007e-05
1.941549999999999955e+03 6.274469003466133163e-03
1.941599999999999909e+03 1.279345870548439200e-02
1.941650000000000091e+03 1.753141100332782087e-02
1.941700000000000045e+03 1.910802372712028241e-02
1.941750000000000000e+03 1.738914267204938469e-02
1.941799999999999955e+03 1.291993737683306762e-02
1.941849999999999909e+03 6.854221232629683497e-03
1.941900000000000091e+03 8.429133268726017245e-04
1.941950000000000045e+03 -4.571681697653352805e-03
1.942000000000000000e+03 -8.825493554370214891e-03
1.942049999999999955e+03 -1.169443087610546814e-02
1.942099999999999909e+03 -1.246792894482738959e-02
1.942150000000000091e+03 -1.080847291572459463e-02
1.942200000000000045e+03 -6.947198252136203324e-03
1.942250000000000000e+03 -1.465409458803505587e-03
1.942299999999999955e+03 4.382207097470579293e-03
1.942349999999999909e+03 8.615611569709474490e-03
1.942400000000000091e+03 1.005599091162669330e-02
1.942450000000000045e+03 7.315146579688047365e-03
1.942500000000000000e+03 1.800682583466563756e-03
1.942549999999999955e+03 -4.753121941857075747e-03
1.942599999999999909e+03 -9.471915907277160540e-03
1.942650000000000091e+03 -1.105486111536722882e-02
1.942700000000000045e+03 -9.078234287658262791e-03
1.942750000000000000e+03 -5.024363117794284316e-03
1.942799999999999955e+03 -9.510118813784648739e-04
1.942849999999999909e+03 9.030114456757320010e-04
1.942900000000000091e+03 -1.290463480081082900e-04
1.942950000000000045e+03 -2.959800003327715985e-03
1.943000000000000000e+03 -6.082954661577556418e-03
1.943049999999999955e+03 -8.373339523563269604e-03
1.943099999999999909e+03 -8.744025253543308632e-03
1.943150000000000091e+03 -7.306044984526817096e-03
1.943200000000000045e+03 -4.259741304043653150e-03
1.943250000000000000e+03 -8.202203946293109768e-04
1.943299999999999955e+03 2.751228070931401037e-03
1.943349999999999909e+03 6.054052134444652331e-03
1.943400000000000091e+03 8.902260512058703112e-03
1.943450000000000045e+03 1.062815926701502628e-02
1.943500000000000000e+03 1.088332762124205773e-02
1.943549999999999955e+03 9.700184121957694527e-03
1.943599999999999909e+03 7.024894906893630782e-03
1.943650000000000091e+03 2.767268814973841695e-03
1.943700000000000045e+03 -1.788738405857166237e-03
1.943750000000000000e+03 -6.236093501645906950e-03
1.943799999999999955e+03 -9.309295811663058362e-03
1.943849999999999909e+03 -1.052634126537059685e-02
1.943900000000000091e+03 -9.532836725391308913e-03
1.943950000000000045e+03 -7.108670832805297039e-03
1.944000000000000000e+03 -3.818787619155896394e-03
1.944049999999999955e+03 1.097342972627142303e-04
1.944099999999999909e+03 3.943040313240014742e-03
1.944150000000000091e+03 6.921550547255144251e-03
1.944200000000000045e+03 8.701421284893750066e-03
1.944250000000000000e+03 8.695275116520224598e-03
1.944299999999999955e+03 6.933550757709829038e-03
1.944349999999999909e+03 3.864114768803605937e-03
1.944400000000000091e+03 1.085633664121845535e-03
1.944450000000000045e+03 -1.143396071207011290e-03
1.944500000000000000e+03 -1.623930079140372632e-03
1.944549999999999955e+03 -6.794471330372562484e-04
1.944599999999999909e+03 7.791570421652651429e-04
1.944650000000000091e+03 1.610468992234567395e-03
1.944700000000000045e+03 1.501892064766994616e-03
1.944750000000000000e+03 -5.896298444142255429e-05
1.944799999999999955e+03 -2.274022025636136118e-03
1.944849999999999909e+03 -4.428812511935301295e-03
1.944900000000000091e+03 -5.401549153600561370e-03
1.944950000000000045e+03 -5.638059215904701188e-03
1.945000000000000000e+03 -4.726070667702173683e-03
1.945049999999999955e+03 -3.335278169056212286e-03
1.945099999999999909e+03 -1.907821368585152066e-03
1.945150000000000091e+03 -7.864550278796950036e-04
1.945200000000000045e+03 -4.720812226522574798e-04
1.945250000000000000e+03 -1.573315966992522774e-03
1.945299999999999955e+03 -2.964579492614368740e-03
1.945349999999999909e+03 -3.849832992357606759e-03
1.945400000000000091e+03 -3.173027627553686239e-03
1.945450000000000045e+03 -1.116055224615307819e-03
1.945500000000000000e+03 2.146380813734553514e-03
1.945549999999999955e+03 4.797168162090204198e-03
1.945599999999999909e+03 6.115596741263429163e-03
1.945650000000000091e+03 5.959660330335081642e-03
1.945700000000000045e+03 4.819547130340572950e-03
1.945750000000000000e+03 2.907240573619528784e-03
1.945799999999999955e+03 7.568953873021680347e-04
1.945849999999999909e+03 -2.026444503104557222e-03
1.945900000000000091e+03 -4.445808139295093567e-03
1.945950000000000045e+03 -5.567736351538224958e-03
1.946000000000000000e+03 -5.075973832186784877e-03
1.946049999999999955e+03 -3.496295420567388165e-03
1.946099999999999909e+03 -1.757390361708890437e-03
1.946150000000000091e+03 -8.987594046122906718e-04
1.946200000000000045e+03 -1.093077481548865261e-03
1.946250000000000000e+03 -2.142414980895760920e-03
1.946299999999999955e+03 -2.434265809827077919e-03
1.946349999999999909e+03 -1.521674810981487897e-03
1.946400000000000091e+03 7.397849527836287443e-04
1.946450000000000045e+03 2.931558731446052939e-03
1.946500000000000000e+03 4.371844055184787893e-03
1.946549999999999955e+03 4.433574975146568550e-03
1.946599999999999909e+03 3.192424595721528226e-03
1.946650000000000091e+03 1.662533293820538756e-03
1.946700000000000045e+03 2.204179980874877536e-04
1.946750000000000000e+03 -7.676947152194717270e-04
1.946799999999999955e+03 -1.780146249679581509e-03
1.946849999999999909e+03 -3.224678397314513674e-03
1.946900000000000091e+03 -4.360986313546391831e-03
1.946950000000000045e+03 -4.480589737353967913e-03
1.947000000000000000e+03 -2.758224111207412295e-03
1.947049999999999955e+03 7.143012509623085284e-04
1.947099999999999909e+03 4.961039918932349038e-03
1.947150000000000091e+03 8.282726682658957812e-03
1.947200000000000045e+03 9.925102491145266700e-03
1.947250000000000000e+03 9.806808245387562892e-03
1.947299999999999955e+03 8.864478768028542094e-03
1.947349999999999909e+03 8.066030359409922038e-03
1.947400000000000091e+03 7.732567677116177450e-03
1.947450000000000045e+03 7.648249503451408360e-03
1.947500000000000000e+03 6.716502795964012645e-03
1.947549999999999955e+03 4.563435966036494956e-03
1.947599999999999909e+03 1.288651862832333392e-03
1.947650000000000091e+03 -2.208289519824145966e-03
1.947700000000000045e+03 -5.295646181607336148e-03
1.947750000000000000e+03 -6.989159502298909060e-03
1.947799999999999955e+03 -7.439544688422398272e-03
1.947849999999999909e+03 -7.113113886600980901e-03
1.947900000000000091e+03 -5.723731068776421321e-03
1.947950000000000045e+03 -3.513934546039713253e-03
1.948000000000000000e+03 -8.661388710757768512e-04
1.948049999999999955e+03 1.720496210771281249e-03
1.948099999999999909e+03 3.606743377601614835e-03
1.948150000000000091e+03 4.730587097734927429e-03
1.948200000000000045e+03 5.197507050028785450e-03
1.948250000000000000e+03 4.689043215096221594e-03
1.948299999999999955e+03 3.286883590268354586e-03
1.948349999999999909e+03 1.298548937584013746e-03
1.948400000000000091e+03 -7.433757710868706819e-04
1.948450000000000045e+03 -2.664273839604229446e-03
1.948500000000000000e+03 -3.562146919061441510e-03
1.948549999999999955e+03 -3.716762588226363642e-03
1.948599999999999909e+03 -3.235139764308429637e-03
1.948650000000000091e+03 -2.251244094466086764e-03
1.948700000000000045e+03 -9.500216365464879409e-04
1.948750000000000000e+03 3.989537576483642538e-04
1.948799999999999955e+03 1.103289970640200946e-03
1.948849999999999909e+03 1.044642016793985613e-03
1.948900000000000091e+03 9.271602206064677790e-06
1.948950000000000045e+03 -1.334699434074813808e-03
1.949000000000000000e+03 -1.957544002700169813e-03
1.949049999999999955e+03 -1.592156338685475018e-03
1.949099999999999909e+03 -4.334883426181310173e-04
1.949150000000000091e+03 9.731815966886230365e-04
1.949200000000000045e+03 2.007720486500730924e-03
1.949250000000000000e+03 2.006885850102866492e-03
1.949299999999999955e+03 1.069499530310514916e-04
1.949349999999999909e+03 -2.887509743724208430e-03
1.949400000000000091e+03 -6.461384218363297634e-03
1.949450000000000045e+03 -9.568156012645906427e-03
1.949500000000000000e+03 -1.060630652526741227e-02
1.949549999999999955e+03 -9.177855121260191512e-03
1.949599999999999909e+03 -6.124659833443748223e-03
1.949650000000000091e+03 -2.134198062571884651e-03
1.949700000000000045e+03 1.598011039772272157e-03
1.949750000000000000e+03 4.588810002125838158e-03
1.949799999999999955e+03 6.780799790723055290e-03
1.949849999999999909e+03 7.423246991935306127e-03
1.949900000000000091e+03 6.569073672684238099e-03
1.949950000000000045e+03 3.984740284859282500e-03
1.950000000000000000e+03 -4.177520040956394847e-04
