1.380000000000000000e+03 -4.506385379977419170e+00
1.380049999999999955e+03 -4.506103102233870672e+00
1.380099999999999909e+03 -4.506036748409677273e+00
1.380150000000000091e+03 -4.506000447041935253e+00
1.380200000000000045e+03 -4.505886582264515994e+00
1.380250000000000000e+03 -4.505946091127419173e+00
1.380299999999999955e+03 -4.505757258641935437e+00
1.380349999999999909e+03 -4.505719553672580702e+00
1.380400000000000091e+03 -4.505492939308064493e+00
1.380450000000000045e+03 -4.505294646932258118e+00
1.380500000000000000e+03 -4.505089586504838373e+00
1.380549999999999955e+03 -4.504940535550000291e+00
1.380599999999999909e+03 -4.504724034808064381e+00
1.380650000000000091e+03 -4.504414204172580760e+00
1.380700000000000045e+03 -4.504481884688710025e+00
1.380750000000000000e+03 -4.504359232980645444e+00
1.380799999999999955e+03 -4.504048114108064382e+00
1.380849999999999909e+03 -4.503858820164515997e+00
1.380900000000000091e+03 -4.503662335166128905e+00
1.380950000000000045e+03 -4.503288650270968141e+00
1.381000000000000000e+03 -4.502995105259677722e+00
1.381049999999999955e+03 -4.502794409456451596e+00
1.381099999999999909e+03 -4.502330490282258069e+00
1.381150000000000091e+03 -4.502020659646773559e+00
1.381200000000000045e+03 -4.501733613503225762e+00
1.381250000000000000e+03 -4.501534013662903178e+00
1.381299999999999955e+03 -4.501335567467742216e+00
1.381349999999999909e+03 -4.501238565137096970e+00
1.381400000000000091e+03 -4.501118489903225495e+00
1.381450000000000045e+03 -4.501154848953225596e+00
1.381500000000000000e+03 -4.501215646053226216e+00
1.381549999999999955e+03 -4.501061307558064328e+00
1.381599999999999909e+03 -4.500875320730645335e+00
1.381650000000000091e+03 -4.500816311780645229e+00
1.381700000000000045e+03 -4.500701908635483584e+00
1.381750000000000000e+03 -4.500689641541935515e+00
1.381799999999999955e+03 -4.500579180017742154e+00
1.381849999999999909e+03 -4.500570220040322589e+00
1.381900000000000091e+03 -4.500661242643548832e+00
1.381950000000000045e+03 -4.500706388624193366e+00
1.382000000000000000e+03 -4.500930772608064956e+00
1.382049999999999955e+03 -4.500980744670967759e+00
1.382099999999999909e+03 -4.501041868637096321e+00
1.382150000000000091e+03 -4.500949673161289688e+00
1.382200000000000045e+03 -4.500909930085484234e+00
1.382250000000000000e+03 -4.500910276179031833e+00
1.382299999999999955e+03 -4.500912275830645015e+00
1.382349999999999909e+03 -4.500907757387096808e+00
1.382400000000000091e+03 -4.500709907241935426e+00
1.382450000000000045e+03 -4.500543474699999713e+00
1.382500000000000000e+03 -4.500344836230644852e+00
1.382549999999999955e+03 -4.500424053198387675e+00
1.382599999999999909e+03 -4.500371408524193484e+00
1.382650000000000091e+03 -4.500248314585483911e+00
1.382700000000000045e+03 -4.500532015158064780e+00
1.382750000000000000e+03 -4.500695179038709526e+00
1.382799999999999955e+03 -4.500823060604838943e+00
1.382849999999999909e+03 -4.500907661250000302e+00
1.382900000000000091e+03 -4.501006317138710244e+00
1.382950000000000045e+03 -4.500964362909677163e+00
1.383000000000000000e+03 -4.500897970630645339e+00
1.383049999999999955e+03 -4.500945385446773805e+00
1.383099999999999909e+03 -4.500666241772580456e+00
1.383150000000000091e+03 -4.500627056291935268e+00
1.383200000000000045e+03 -4.500542801740322396e+00
1.383250000000000000e+03 -4.500527227530644936e+00
1.383299999999999955e+03 -4.500563298169354631e+00
1.383349999999999909e+03 -4.500590216556451750e+00
1.383400000000000091e+03 -4.500775030511290353e+00
1.383450000000000045e+03 -4.501129584124193173e+00
1.383500000000000000e+03 -4.501277173795161346e+00
1.383549999999999955e+03 -4.501353737379032438e+00
1.383599999999999909e+03 -4.501522284937096607e+00
1.383650000000000091e+03 -4.501789680658064619e+00
1.383700000000000045e+03 -4.501813407293548508e+00
1.383750000000000000e+03 -4.501711309696774244e+00
1.383799999999999955e+03 -4.501641014251612560e+00
1.383849999999999909e+03 -4.501615268737096720e+00
1.383900000000000091e+03 -4.501439145575806933e+00
1.383950000000000045e+03 -4.501230835714515877e+00
1.384000000000000000e+03 -4.501136871316129273e+00
1.384049999999999955e+03 -4.500872513527419017e+00
1.384099999999999909e+03 -4.500802698767741639e+00
1.384150000000000091e+03 -4.500568047341935163e+00
1.384200000000000045e+03 -4.500541109727419276e+00
1.384250000000000000e+03 -4.500647552720967504e+00
1.384299999999999955e+03 -4.500560067962902977e+00
1.384349999999999909e+03 -4.500690660595161319e+00
1.384400000000000091e+03 -4.500732422549999612e+00
1.384450000000000045e+03 -4.500902546756451628e+00
1.384500000000000000e+03 -4.500733960743548145e+00
1.384549999999999955e+03 -4.500847614019354737e+00
1.384599999999999909e+03 -4.500898182132258007e+00
1.384650000000000091e+03 -4.500914217800000117e+00
1.384700000000000045e+03 -4.501063480256451754e+00
1.384750000000000000e+03 -4.500988320274193377e+00
1.384799999999999955e+03 -4.501141408987096248e+00
1.384849999999999909e+03 -4.501314763399999919e+00
1.384900000000000091e+03 -4.501325030841935693e+00
1.384950000000000045e+03 -4.501454392919354675e+00
1.385000000000000000e+03 -4.501542223770967688e+00
1.385049999999999955e+03 -4.501641591074193371e+00
1.385099999999999909e+03 -4.501717847019354402e+00
1.385150000000000091e+03 -4.501919504193548249e+00
1.385200000000000045e+03 -4.501872743109677444e+00
1.385250000000000000e+03 -4.502139773509677312e+00
1.385299999999999955e+03 -4.502230699975806161e+00
1.385349999999999909e+03 -4.502682217464515801e+00
1.385400000000000091e+03 -4.502808195516129430e+00
1.385450000000000045e+03 -4.503065650661289610e+00
1.385500000000000000e+03 -4.503238351341935619e+00
1.385549999999999955e+03 -4.503584291070968249e+00
1.385599999999999909e+03 -4.503795311998387341e+00
1.385650000000000091e+03 -4.503911214882258207e+00
1.385700000000000045e+03 -4.504051555816129593e+00
1.385750000000000000e+03 -4.504407666849999714e+00
1.385799999999999955e+03 -4.504463349456451660e+00
1.385849999999999909e+03 -4.504440795693548161e+00
1.385900000000000091e+03 -4.504891024945161249e+00
1.385950000000000045e+03 -4.505119735098387146e+00
1.386000000000000000e+03 -4.505026982027419358e+00
1.386049999999999955e+03 -4.505212218985484185e+00
1.386099999999999909e+03 -4.505233234554838262e+00
1.386150000000000091e+03 -4.505391322396773646e+00
1.386200000000000045e+03 -4.505416202677419157e+00
1.386250000000000000e+03 -4.505420778803226334e+00
1.386299999999999955e+03 -4.505371114379031816e+00
1.386349999999999909e+03 -4.505334697646773634e+00
1.386400000000000091e+03 -4.505277765258064449e+00
1.386450000000000045e+03 -4.505165477129032148e+00
1.386500000000000000e+03 -4.505006735554838215e+00
1.386549999999999955e+03 -4.505006947056451772e+00
1.386599999999999909e+03 -4.504960782022580545e+00
1.386650000000000091e+03 -4.504526280800000393e+00
1.386700000000000045e+03 -4.504442641525806756e+00
1.386750000000000000e+03 -4.504316586564516278e+00
1.386799999999999955e+03 -4.504048787067741699e+00
1.386849999999999909e+03 -4.504051421224192886e+00
1.386900000000000091e+03 -4.504048537111289718e+00
1.386950000000000045e+03 -4.503932307361290022e+00
1.387000000000000000e+03 -4.504085376846774125e+00
1.387049999999999955e+03 -4.504190993061290449e+00
1.387099999999999909e+03 -4.504436181112903448e+00
1.387150000000000091e+03 -4.504523358232257912e+00
1.387200000000000045e+03 -4.504913886346773921e+00
1.387250000000000000e+03 -4.504788100569355080e+00
1.387299999999999955e+03 -4.505027443485484007e+00
1.387349999999999909e+03 -4.505207912043548646e+00
1.387400000000000091e+03 -4.505149403006451614e+00
1.387450000000000045e+03 -4.505430969335484370e+00
1.387500000000000000e+03 -4.505402282025806393e+00
1.387549999999999955e+03 -4.505645893429032434e+00
1.387599999999999909e+03 -4.505960896240322811e+00
1.387650000000000091e+03 -4.506270130825806852e+00
1.387700000000000045e+03 -4.506409991074193044e+00
1.387750000000000000e+03 -4.506442197001613081e+00
1.387799999999999955e+03 -4.506640700879032124e+00
1.387849999999999909e+03 -4.506605899250000213e+00
1.387900000000000091e+03 -4.506434679080645545e+00
1.387950000000000045e+03 -4.506528624251612491e+00
1.388000000000000000e+03 -4.506446157850000134e+00
1.388049999999999955e+03 -4.506366133330645063e+00
1.388099999999999909e+03 -4.506275533730645044e+00
1.388150000000000091e+03 -4.506116676791934950e+00
1.388200000000000045e+03 -4.506017290261289610e+00
1.388250000000000000e+03 -4.505789118475806987e+00
1.388299999999999955e+03 -4.505753701569354952e+00
1.388349999999999909e+03 -4.505759335203226357e+00
1.388400000000000091e+03 -4.505405954462903040e+00
1.388450000000000045e+03 -4.505207027582257773e+00
1.388500000000000000e+03 -4.505237791453225782e+00
1.388549999999999955e+03 -4.504978682750000019e+00
1.388599999999999909e+03 -4.504508014751612777e+00
1.388650000000000091e+03 -4.504159998461290115e+00
1.388700000000000045e+03 -4.503839438925806959e+00
1.388750000000000000e+03 -4.503305762674193247e+00
1.388799999999999955e+03 -4.503017447520967664e+00
1.388849999999999909e+03 -4.502798331850000224e+00
1.388900000000000091e+03 -4.502445393340322788e+00
1.388950000000000045e+03 -4.501963919532258274e+00
1.389000000000000000e+03 -4.501735382425806620e+00
1.389049999999999955e+03 -4.501737708943548633e+00
1.389099999999999909e+03 -4.501395980019355036e+00
1.389150000000000091e+03 -4.501172268995161652e+00
1.389200000000000045e+03 -4.500989070143548432e+00
1.389250000000000000e+03 -4.500700062803225876e+00
1.389299999999999955e+03 -4.500586198025806617e+00
1.389349999999999909e+03 -4.500109204206450997e+00
1.389400000000000091e+03 -4.499944636724193536e+00
1.389450000000000045e+03 -4.499720502696773927e+00
1.389500000000000000e+03 -4.499414344498386953e+00
1.389549999999999955e+03 -4.499381657885483499e+00
1.389599999999999909e+03 -4.499242105275806480e+00
1.389650000000000091e+03 -4.499216552035483652e+00
1.389700000000000045e+03 -4.499369717658064260e+00
1.389750000000000000e+03 -4.499609060574193187e+00
1.389799999999999955e+03 -4.499950654906450964e+00
1.389849999999999909e+03 -4.500145467119354592e+00
1.389900000000000091e+03 -4.500438666037096525e+00
1.389950000000000045e+03 -4.500955902845161560e+00
1.390000000000000000e+03 -4.501139832338710178e+00
1.390049999999999955e+03 -4.501507518279032283e+00
1.390099999999999909e+03 -4.501538512879031728e+00
1.390150000000000091e+03 -4.501596598912903424e+00
1.390200000000000045e+03 -4.501775913825806441e+00
1.390250000000000000e+03 -4.501664010245161052e+00
1.390299999999999955e+03 -4.501926849067741543e+00
1.390349999999999909e+03 -4.501869974361290438e+00
1.390400000000000091e+03 -4.501894450866129382e+00
1.390450000000000045e+03 -4.502076976758064397e+00
1.390500000000000000e+03 -4.502076803711290154e+00
1.390549999999999955e+03 -4.502355832020968229e+00
1.390599999999999909e+03 -4.502645935324193438e+00
1.390650000000000091e+03 -4.502603808048387002e+00
1.390700000000000045e+03 -4.502750936261289638e+00
1.390750000000000000e+03 -4.502909197150000153e+00
1.390799999999999955e+03 -4.503105239917742253e+00
1.390849999999999909e+03 -4.503249099469354810e+00
1.390900000000000091e+03 -4.503373635464516411e+00
1.390950000000000045e+03 -4.503401015309677291e+00
1.391000000000000000e+03 -4.503581099319355019e+00
1.391049999999999955e+03 -4.503551662140322875e+00
1.391099999999999909e+03 -4.503598307859677519e+00
1.391150000000000091e+03 -4.503565332835483659e+00
1.391200000000000045e+03 -4.503491461090322723e+00
1.391250000000000000e+03 -4.503433182782258015e+00
1.391299999999999955e+03 -4.503371885769354321e+00
1.391349999999999909e+03 -4.503409975287096856e+00
1.391400000000000091e+03 -4.503266134962903067e+00
1.391450000000000045e+03 -4.503084032074193388e+00
1.391500000000000000e+03 -4.503312184632258131e+00
1.391549999999999955e+03 -4.503205549364516003e+00
1.391599999999999909e+03 -4.503105989787096419e+00
1.391650000000000091e+03 -4.503066189029031996e+00
1.391700000000000045e+03 -4.503126928446773647e+00
1.391750000000000000e+03 -4.503136888250000247e+00
1.391799999999999955e+03 -4.502851899440322825e+00
1.391849999999999909e+03 -4.502922867845160937e+00
1.391900000000000091e+03 -4.502884547598386966e+00
1.391950000000000045e+03 -4.502923117801612918e+00
1.392000000000000000e+03 -4.502744648895161461e+00
1.392049999999999955e+03 -4.502733977677419119e+00
1.392099999999999909e+03 -4.502568737235484342e+00
1.392150000000000091e+03 -4.502687312730644820e+00
1.392200000000000045e+03 -4.502614210082257706e+00
1.392250000000000000e+03 -4.502426300512903268e+00
1.392299999999999955e+03 -4.502553816758064542e+00
1.392349999999999909e+03 -4.502463409432257535e+00
1.392400000000000091e+03 -4.502556681643548941e+00
1.392450000000000045e+03 -4.502382558133870560e+00
1.392500000000000000e+03 -4.502411168533870800e+00
1.392549999999999955e+03 -4.502277384150000117e+00
1.392599999999999909e+03 -4.502289881972580510e+00
1.392650000000000091e+03 -4.501996759964516315e+00
1.392700000000000045e+03 -4.502273519438709570e+00
1.392750000000000000e+03 -4.502272365793548836e+00
1.392799999999999955e+03 -4.502331028649999567e+00
1.392849999999999909e+03 -4.502266616795161269e+00
1.392900000000000091e+03 -4.502471023490322466e+00
1.392950000000000045e+03 -4.502536069849999656e+00
1.393000000000000000e+03 -4.502696311162903697e+00
1.393049999999999955e+03 -4.503003796053225649e+00
1.393099999999999909e+03 -4.503378307727419205e+00
1.393150000000000091e+03 -4.503497710001612475e+00
1.393200000000000045e+03 -4.503623553461290285e+00
1.393250000000000000e+03 -4.503683600691934963e+00
1.393299999999999955e+03 -4.503690503335484152e+00
1.393349999999999909e+03 -4.503861204364516091e+00
1.393400000000000091e+03 -4.503920309451612702e+00
1.393450000000000045e+03 -4.503952419241935345e+00
1.393500000000000000e+03 -4.504013677799999726e+00
1.393549999999999955e+03 -4.504100585735484330e+00
1.393599999999999909e+03 -4.503990758716128973e+00
1.393650000000000091e+03 -4.504548930699999509e+00
1.393700000000000045e+03 -4.504563408946774317e+00
1.393750000000000000e+03 -4.504620495154838977e+00
1.393799999999999955e+03 -4.504652758764516207e+00
1.393849999999999909e+03 -4.504462714951612767e+00
1.393900000000000091e+03 -4.504449928717741969e+00
1.393950000000000045e+03 -4.504567965845160948e+00
1.394000000000000000e+03 -4.504584347606451544e+00
1.394049999999999955e+03 -4.504200452951613087e+00
1.394099999999999909e+03 -4.503909138320968175e+00
1.394150000000000091e+03 -4.503927692780645309e+00
1.394200000000000045e+03 -4.503690945566129145e+00
1.394250000000000000e+03 -4.503631571295160896e+00
1.394299999999999955e+03 -4.503530223567741686e+00
1.394349999999999909e+03 -4.503367867238710076e+00
1.394400000000000091e+03 -4.503200454098386984e+00
1.394450000000000045e+03 -4.503104432366129117e+00
1.394500000000000000e+03 -4.502815367343548481e+00
1.394549999999999955e+03 -4.502689562338709983e+00
1.394599999999999909e+03 -4.502749744161289591e+00
1.394650000000000091e+03 -4.502553855212902967e+00
1.394700000000000045e+03 -4.502348564056450897e+00
1.394750000000000000e+03 -4.502224566429031682e+00
1.394799999999999955e+03 -4.501996567690322415e+00
1.394849999999999909e+03 -4.502187380599999678e+00
1.394900000000000091e+03 -4.502256003259677009e+00
1.394950000000000045e+03 -4.502039906293548555e+00
1.395000000000000000e+03 -4.501856245983870686e+00
1.395049999999999955e+03 -4.501798813682257538e+00
1.395099999999999909e+03 -4.501792372496773886e+00
1.395150000000000091e+03 -4.501553221854838860e+00
1.395200000000000045e+03 -4.501664952388710006e+00
1.395250000000000000e+03 -4.501409823761290063e+00
1.395299999999999955e+03 -4.501249601675806566e+00
1.395349999999999909e+03 -4.501268483001612530e+00
1.395400000000000091e+03 -4.500864745650000387e+00
1.395450000000000045e+03 -4.500688660943548136e+00
1.395500000000000000e+03 -4.500329627341935534e+00
1.395549999999999955e+03 -4.500339106459676941e+00
1.395599999999999909e+03 -4.500034236498387408e+00
1.395650000000000091e+03 -4.499771859133870677e+00
1.395700000000000045e+03 -4.499608272249999708e+00
1.395750000000000000e+03 -4.499496234077419388e+00
1.395799999999999955e+03 -4.499579604167742275e+00
1.395849999999999909e+03 -4.499171925195160959e+00
1.395900000000000091e+03 -4.499260371324193208e+00
1.395950000000000045e+03 -4.499123741282257782e+00
1.396000000000000000e+03 -4.498972229217741869e+00
1.396049999999999955e+03 -4.498718465737096217e+00
1.396099999999999909e+03 -4.498343665651612255e+00
1.396150000000000091e+03 -4.498089786806451329e+00
1.396200000000000045e+03 -4.497680704232258186e+00
1.396250000000000000e+03 -4.497553610990322248e+00
1.396299999999999955e+03 -4.497203037453226138e+00
1.396349999999999909e+03 -4.496927008620968280e+00
1.396400000000000091e+03 -4.496643442640322341e+00
1.396450000000000045e+03 -4.496438862898386901e+00
1.396500000000000000e+03 -4.496077810417742349e+00
1.396549999999999955e+03 -4.495819009353225759e+00
1.396599999999999909e+03 -4.495509101808064401e+00
1.396650000000000091e+03 -4.495390891633870289e+00
1.396700000000000045e+03 -4.495116304858064460e+00
1.396750000000000000e+03 -4.494870078525806889e+00
1.396799999999999955e+03 -4.494805166758064630e+00
1.396849999999999909e+03 -4.494588550651612557e+00
1.396900000000000091e+03 -4.494233420216128927e+00
1.396950000000000045e+03 -4.494234035493548163e+00
1.397000000000000000e+03 -4.494178314432257793e+00
1.397049999999999955e+03 -4.493647118517741568e+00
1.397099999999999909e+03 -4.493555634456451564e+00
1.397150000000000091e+03 -4.493328693225806525e+00
1.397200000000000045e+03 -4.493075314293548672e+00
1.397250000000000000e+03 -4.492783499749999798e+00
1.397299999999999955e+03 -4.492263205782258240e+00
1.397349999999999909e+03 -4.492019998154838767e+00
1.397400000000000091e+03 -4.491581055398387257e+00
1.397450000000000045e+03 -4.491271493946774385e+00
1.397500000000000000e+03 -4.490772753916129290e+00
1.397549999999999955e+03 -4.490516087095161701e+00
1.397599999999999909e+03 -4.490154996159676948e+00
1.397650000000000091e+03 -4.489912230762903356e+00
1.397700000000000045e+03 -4.489785964300000209e+00
1.397750000000000000e+03 -4.489606687841935617e+00
1.397799999999999955e+03 -4.489350424796773709e+00
1.397849999999999909e+03 -4.489497033869354503e+00
1.397900000000000091e+03 -4.489280513899999825e+00
1.397950000000000045e+03 -4.489254691475806247e+00
1.398000000000000000e+03 -4.489095623035484373e+00
1.398049999999999955e+03 -4.489021732062902892e+00
1.398099999999999909e+03 -4.489110870379032114e+00
1.398150000000000091e+03 -4.488946533625806978e+00
1.398200000000000045e+03 -4.488794733149999772e+00
1.398250000000000000e+03 -4.488927017795161234e+00
1.398299999999999955e+03 -4.488807019470967496e+00
1.398349999999999909e+03 -4.488882717820968260e+00
1.398400000000000091e+03 -4.488950052243548150e+00
1.398450000000000045e+03 -4.489040959482258231e+00
1.398500000000000000e+03 -4.489269535043548309e+00
1.398549999999999955e+03 -4.489442081904838844e+00
1.398599999999999909e+03 -4.489649622669354301e+00
1.398650000000000091e+03 -4.489733088896773694e+00
1.398700000000000045e+03 -4.489823130901612558e+00
1.398750000000000000e+03 -4.490022346193548231e+00
1.398799999999999955e+03 -4.489987256153225914e+00
1.398849999999999909e+03 -4.490046765016129093e+00
1.398900000000000091e+03 -4.490201045829032012e+00
1.398950000000000045e+03 -4.490216735403225634e+00
1.399000000000000000e+03 -4.489983276077419205e+00
1.399049999999999955e+03 -4.490215101072580595e+00
1.399099999999999909e+03 -4.490026172450000352e+00
1.399150000000000091e+03 -4.490035036290322523e+00
1.399200000000000045e+03 -4.489905885714516209e+00
1.399250000000000000e+03 -4.489912269217741780e+00
1.399299999999999955e+03 -4.489853606361290161e+00
1.399349999999999909e+03 -4.489768428893548879e+00
1.399400000000000091e+03 -4.489440851350000372e+00
1.399450000000000045e+03 -4.489355212424193553e+00
1.399500000000000000e+03 -4.489240559322580815e+00
1.399549999999999955e+03 -4.489358000400000215e+00
1.399599999999999909e+03 -4.489172013572580333e+00
1.399650000000000091e+03 -4.489189702798387138e+00
1.399700000000000045e+03 -4.488903560343548982e+00
1.399750000000000000e+03 -4.488923076174192950e+00
1.399799999999999955e+03 -4.488851069488710266e+00
1.399849999999999909e+03 -4.488865566962902953e+00
1.399900000000000091e+03 -4.488706133201612936e+00
1.399950000000000045e+03 -4.488708901949999941e+00
1.400000000000000000e+03 -4.488533855524193150e+00
1.400049999999999955e+03 -4.488410742358064809e+00
1.400099999999999909e+03 -4.488236522711289922e+00
1.400150000000000091e+03 -4.488069301845161618e+00
1.400200000000000045e+03 -4.488142596767741743e+00
1.400250000000000000e+03 -4.487690579366129029e+00
1.400299999999999955e+03 -4.487634819850000234e+00
1.400349999999999909e+03 -4.487740628338709570e+00
1.400400000000000091e+03 -4.487821383500000039e+00
1.400450000000000045e+03 -4.487804636417742188e+00
1.400500000000000000e+03 -4.487901715658064283e+00
1.400549999999999955e+03 -4.487839399591935674e+00
1.400599999999999909e+03 -4.487888160327419662e+00
1.400650000000000091e+03 -4.487832112399999573e+00
1.400700000000000045e+03 -4.487350580909676978e+00
1.400750000000000000e+03 -4.487319528627419452e+00
1.400799999999999955e+03 -4.487044941851612734e+00
1.400849999999999909e+03 -4.486924578206451741e+00
1.400900000000000091e+03 -4.487040500317742264e+00
1.400950000000000045e+03 -4.486937037574193710e+00
1.401000000000000000e+03 -4.487158345170968232e+00
1.401049999999999955e+03 -4.487091991346773945e+00
1.401099999999999909e+03 -4.487364982246774048e+00
1.401150000000000091e+03 -4.487515456030645389e+00
1.401200000000000045e+03 -4.487692559790322555e+00
1.401250000000000000e+03 -4.487651432340322266e+00
1.401299999999999955e+03 -4.487887429685484264e+00
1.401349999999999909e+03 -4.487989046596774223e+00
1.401400000000000091e+03 -4.487942458559677661e+00
1.401450000000000045e+03 -4.487991411569354661e+00
1.401500000000000000e+03 -4.488353963788710210e+00
1.401549999999999955e+03 -4.488628281380645291e+00
1.401599999999999909e+03 -4.489017136709676947e+00
1.401650000000000091e+03 -4.489682636148387473e+00
1.401700000000000045e+03 -4.490358306891935491e+00
1.401750000000000000e+03 -4.491226367193548619e+00
1.401799999999999955e+03 -4.491838625908064486e+00
1.401849999999999909e+03 -4.492559000401612934e+00
1.401900000000000091e+03 -4.492764137738709529e+00
1.401950000000000045e+03 -4.492847373237096598e+00
1.402000000000000000e+03 -4.492560750096774136e+00
1.402049999999999955e+03 -4.492145572430644940e+00
1.402099999999999909e+03 -4.491651716164516195e+00
1.402150000000000091e+03 -4.491037900029032137e+00
1.402200000000000045e+03 -4.490807305588710108e+00
1.402250000000000000e+03 -4.490536045156451550e+00
1.402299999999999955e+03 -4.490528931011289693e+00
1.402349999999999909e+03 -4.490753372677419364e+00
1.402400000000000091e+03 -4.490917401791935326e+00
1.402450000000000045e+03 -4.491193911309677489e+00
1.402500000000000000e+03 -4.491228539891935156e+00
1.402549999999999955e+03 -4.491303392235484360e+00
1.402599999999999909e+03 -4.491393318875806173e+00
1.402650000000000091e+03 -4.491405643651612323e+00
1.402700000000000045e+03 -4.491025248387096269e+00
1.402750000000000000e+03 -4.490523412741935338e+00
1.402799999999999955e+03 -4.489746144314516130e+00
1.402849999999999909e+03 -4.488599017248387391e+00
1.402900000000000091e+03 -4.487256058916129220e+00
1.402950000000000045e+03 -4.485496442406451401e+00
1.403000000000000000e+03 -4.483547705000000327e+00
1.403049999999999955e+03 -4.480962117009677392e+00
1.403099999999999909e+03 -4.477631658793548297e+00
1.403150000000000091e+03 -4.473530988612902881e+00
1.403200000000000045e+03 -4.468091570904838328e+00
1.403250000000000000e+03 -4.461095828191935730e+00
1.403299999999999955e+03 -4.452360907716129468e+00
1.403349999999999909e+03 -4.441885309738710319e+00
1.403400000000000091e+03 -4.429264893132257797e+00
1.403450000000000045e+03 -4.415482332845161118e+00
1.403500000000000000e+03 -4.401785219209677358e+00
1.403549999999999955e+03 -4.390659945959677124e+00
1.403599999999999909e+03 -4.386229525537096663e+00
1.403650000000000091e+03 -4.393315387164515862e+00
1.403700000000000045e+03 -4.418485271199999787e+00
1.403750000000000000e+03 -4.465924333104839050e+00
1.403799999999999955e+03 -4.538357694251613061e+00
1.403849999999999909e+03 -4.631665918498387491e+00
1.403900000000000091e+03 -4.734936983903225816e+00
1.403950000000000045e+03 -4.830636656887096869e+00
1.404000000000000000e+03 -4.897271182175806814e+00
1.404049999999999955e+03 -4.914819759409676969e+00
1.404099999999999909e+03 -4.873140943932257940e+00
1.404150000000000091e+03 -4.775392724008064249e+00
1.404200000000000045e+03 -4.640600458041935106e+00
1.404250000000000000e+03 -4.495599297632257851e+00
1.404299999999999955e+03 -4.369410282774193632e+00
1.404349999999999909e+03 -4.281868803822580283e+00
1.404400000000000091e+03 -4.239868063662902919e+00
1.404450000000000045e+03 -4.237902483037096601e+00
1.404500000000000000e+03 -4.263548476430645273e+00
1.404549999999999955e+03 -4.303575310491935646e+00
1.404599999999999909e+03 -4.346545650954838358e+00
1.404650000000000091e+03 -4.386248810638710083e+00
1.404700000000000045e+03 -4.419210087227419592e+00
1.404750000000000000e+03 -4.444718489208064227e+00
1.404799999999999955e+03 -4.463531076990322255e+00
1.404849999999999909e+03 -4.476658943648387456e+00
1.404900000000000091e+03 -4.483730500075806980e+00
1.404950000000000045e+03 -4.484780105670967743e+00
1.405000000000000000e+03 -4.479052257445161445e+00
1.405049999999999955e+03 -4.468812560675806900e+00
1.405099999999999909e+03 -4.458233230770967559e+00
1.405150000000000091e+03 -4.452731785408064802e+00
1.405200000000000045e+03 -4.456050784082258076e+00
1.405250000000000000e+03 -4.469599885043548326e+00
1.405299999999999955e+03 -4.490053686887097051e+00
1.405349999999999909e+03 -4.512678360512903275e+00
1.405400000000000091e+03 -4.531935774641935311e+00
1.405450000000000045e+03 -4.542567287762903305e+00
1.405500000000000000e+03 -4.541438215243548626e+00
1.405549999999999955e+03 -4.526062451761290184e+00
1.405599999999999909e+03 -4.497183810033870799e+00
1.405650000000000091e+03 -4.459173778443548564e+00
1.405700000000000045e+03 -4.419113257943548589e+00
1.405750000000000000e+03 -4.387118505270968249e+00
1.405799999999999955e+03 -4.370793484095161219e+00
1.405849999999999909e+03 -4.374674769420967557e+00
1.405900000000000091e+03 -4.397745846041935636e+00
1.405950000000000045e+03 -4.434482176464515923e+00
1.406000000000000000e+03 -4.476687765550000364e+00
1.406049999999999955e+03 -4.515434745669354655e+00
1.406099999999999909e+03 -4.542160281750000195e+00
1.406150000000000091e+03 -4.551107319116129091e+00
1.406200000000000045e+03 -4.541511952396773744e+00
1.406250000000000000e+03 -4.517494790606451538e+00
1.406299999999999955e+03 -4.488404877995161080e+00
1.406349999999999909e+03 -4.463010436929032210e+00
1.406400000000000091e+03 -4.448470066362903097e+00
1.406450000000000045e+03 -4.446062908824193194e+00
1.406500000000000000e+03 -4.452409591541935718e+00
1.406549999999999955e+03 -4.462425096601612573e+00
1.406599999999999909e+03 -4.472137462167742328e+00
1.406650000000000091e+03 -4.480412539682258277e+00
1.406700000000000045e+03 -4.488089682909677691e+00
1.406750000000000000e+03 -4.495528271545161658e+00
1.406799999999999955e+03 -4.502830960780645597e+00
1.406849999999999909e+03 -4.509233941382257527e+00
1.406900000000000091e+03 -4.513825852900000157e+00
1.406950000000000045e+03 -4.516622673319354853e+00
1.407000000000000000e+03 -4.518274193277418860e+00
1.407049999999999955e+03 -4.520355772924193438e+00
1.407099999999999909e+03 -4.524103427685483680e+00
1.407150000000000091e+03 -4.529021397780645053e+00
1.407200000000000045e+03 -4.534105819645160906e+00
1.407250000000000000e+03 -4.536081225482258006e+00
1.407299999999999955e+03 -4.532181770245161445e+00
1.407349999999999909e+03 -4.521007947761289891e+00
1.407400000000000091e+03 -4.503103240266129070e+00
1.407450000000000045e+03 -4.481572126116128985e+00
1.407500000000000000e+03 -4.460117152546773767e+00
1.407549999999999955e+03 -4.442408026361290396e+00
1.407599999999999909e+03 -4.431094382083871075e+00
1.407650000000000091e+03 -4.428372702419354212e+00
1.407700000000000045e+03 -4.435013795382258373e+00
1.407750000000000000e+03 -4.451417533612903377e+00
1.407799999999999955e+03 -4.475165607669354451e+00
1.407849999999999909e+03 -4.501979474514516077e+00
1.407900000000000091e+03 -4.524590015987096869e+00
1.407950000000000045e+03 -4.536108682237096623e+00
1.408000000000000000e+03 -4.532480525887097045e+00
1.408049999999999955e+03 -4.514589604451612281e+00
1.408099999999999909e+03 -4.487442622566129025e+00
1.408150000000000091e+03 -4.458744257122580379e+00
1.408200000000000045e+03 -4.436500670948387182e+00
1.408250000000000000e+03 -4.426026457345161091e+00
1.408299999999999955e+03 -4.429483085887096827e+00
1.408349999999999909e+03 -4.444738677998387288e+00
1.408400000000000091e+03 -4.466765013561290409e+00
1.408450000000000045e+03 -4.489059167848386878e+00
1.408500000000000000e+03 -4.505933881716129186e+00
1.408549999999999955e+03 -4.514721504548386832e+00
1.408599999999999909e+03 -4.515572702403225946e+00
1.408650000000000091e+03 -4.510818184599999725e+00
1.408700000000000045e+03 -4.503442527308064491e+00
1.408750000000000000e+03 -4.495704144750000353e+00
1.408799999999999955e+03 -4.488316874096773823e+00
1.408849999999999909e+03 -4.480709930177419587e+00
1.408900000000000091e+03 -4.472612398653225796e+00
1.408950000000000045e+03 -4.464837503225806969e+00
1.409000000000000000e+03 -4.458768329851612755e+00
1.409049999999999955e+03 -4.456663177388709762e+00
1.409099999999999909e+03 -4.459761310696774395e+00
1.409150000000000091e+03 -4.466676951980645072e+00
1.409200000000000045e+03 -4.474365497067742226e+00
1.409250000000000000e+03 -4.478831411306451571e+00
1.409299999999999955e+03 -4.477091406764516002e+00
1.409349999999999909e+03 -4.469640377988709723e+00
1.409400000000000091e+03 -4.460440730787096797e+00
1.409450000000000045e+03 -4.454894620129032035e+00
1.409500000000000000e+03 -4.456485227622581036e+00
1.409549999999999955e+03 -4.464480103954838519e+00
1.409599999999999909e+03 -4.474149515466129046e+00
1.409650000000000091e+03 -4.480753960967741811e+00
1.409700000000000045e+03 -4.481682991416128914e+00
1.409750000000000000e+03 -4.478391564861290419e+00
1.409799999999999955e+03 -4.474713571040322968e+00
1.409849999999999909e+03 -4.474660464908065016e+00
1.409900000000000091e+03 -4.478623562903226052e+00
1.409950000000000045e+03 -4.485365772864516209e+00
1.410000000000000000e+03 -4.491688229033870883e+00
1.410049999999999955e+03 -4.494867636643548714e+00
1.410099999999999909e+03 -4.494236015917741689e+00
1.410150000000000091e+03 -4.490632451437096329e+00
1.410200000000000045e+03 -4.485297880846774277e+00
1.410250000000000000e+03 -4.479309751045160937e+00
1.410299999999999955e+03 -4.472853087488710244e+00
1.410349999999999909e+03 -4.466271618753226313e+00
1.410400000000000091e+03 -4.460803975193548432e+00
1.410450000000000045e+03 -4.457707110895161584e+00
1.410500000000000000e+03 -4.458601724262903687e+00
1.410549999999999955e+03 -4.463668995269354234e+00
1.410599999999999909e+03 -4.471948475862903116e+00
1.410650000000000091e+03 -4.481128511096773792e+00
1.410700000000000045e+03 -4.488711632243548522e+00
1.410750000000000000e+03 -4.492019825108064524e+00
1.410799999999999955e+03 -4.490196642749999967e+00
1.410849999999999909e+03 -4.483476179000000172e+00
1.410900000000000091e+03 -4.474683903132257612e+00
1.410950000000000045e+03 -4.467430513000000047e+00
1.411000000000000000e+03 -4.463946581522580281e+00
1.411049999999999955e+03 -4.464363105108065000e+00
1.411099999999999909e+03 -4.466096168551612955e+00
1.411150000000000091e+03 -4.466381388090322702e+00
1.411200000000000045e+03 -4.463894282941935465e+00
1.411250000000000000e+03 -4.459807937188710270e+00
1.411299999999999955e+03 -4.457927091800000241e+00
1.411349999999999909e+03 -4.460696590056451249e+00
1.411400000000000091e+03 -4.467833711983870693e+00
1.411450000000000045e+03 -4.477031378761290092e+00
1.411500000000000000e+03 -4.484916158890322357e+00
1.411549999999999955e+03 -4.489486785654838386e+00
1.411599999999999909e+03 -4.490304124024193655e+00
1.411650000000000091e+03 -4.488463444714516193e+00
1.411700000000000045e+03 -4.485394883177419523e+00
1.411750000000000000e+03 -4.481512674935483886e+00
1.411799999999999955e+03 -4.477241053769354551e+00
1.411849999999999909e+03 -4.472354751233870829e+00
1.411900000000000091e+03 -4.467522073970967789e+00
1.411950000000000045e+03 -4.465150371793548345e+00
1.412000000000000000e+03 -4.465919084019354557e+00
1.412049999999999955e+03 -4.470741609204838873e+00
1.412099999999999909e+03 -4.477522831599999975e+00
1.412150000000000091e+03 -4.483426572258064624e+00
1.412200000000000045e+03 -4.486027215317742289e+00
1.412250000000000000e+03 -4.483834578096773882e+00
1.412299999999999955e+03 -4.477130746064515776e+00
1.412349999999999909e+03 -4.468549894899999764e+00
1.412400000000000091e+03 -4.460749830780645020e+00
1.412450000000000045e+03 -4.456399761743548460e+00
1.412500000000000000e+03 -4.457174126830644845e+00
1.412549999999999955e+03 -4.462593951798386804e+00
1.412599999999999909e+03 -4.470747281293548703e+00
1.412650000000000091e+03 -4.479313538846773746e+00
1.412700000000000045e+03 -4.485483444670967934e+00
1.412750000000000000e+03 -4.487863856869354962e+00
1.412799999999999955e+03 -4.486423146337096490e+00
1.412849999999999909e+03 -4.482435571837096511e+00
1.412900000000000091e+03 -4.477144378304839023e+00
1.412950000000000045e+03 -4.471842590464516043e+00
1.413000000000000000e+03 -4.467248448566128793e+00
1.413049999999999955e+03 -4.463266373108064400e+00
1.413099999999999909e+03 -4.458943953100000357e+00
1.413150000000000091e+03 -4.454550314730645333e+00
1.413200000000000045e+03 -4.449740364277419147e+00
1.413250000000000000e+03 -4.446559745340322500e+00
1.413299999999999955e+03 -4.446463550561290390e+00
1.413349999999999909e+03 -4.452063805632257676e+00
1.413400000000000091e+03 -4.464063561141935033e+00
1.413450000000000045e+03 -4.480612043385484355e+00
1.413500000000000000e+03 -4.497570185025806744e+00
1.413549999999999955e+03 -4.509832067943548850e+00
1.413599999999999909e+03 -4.514164678483870929e+00
1.413650000000000091e+03 -4.509170490898386952e+00
1.413700000000000045e+03 -4.498285656527419185e+00
1.413750000000000000e+03 -4.484818464372581026e+00
1.413799999999999955e+03 -4.473890156806451301e+00
1.413849999999999909e+03 -4.467607751351613032e+00
1.413900000000000091e+03 -4.466477832825806793e+00
1.413950000000000045e+03 -4.468365407811289991e+00
1.414000000000000000e+03 -4.470591289240323007e+00
1.414049999999999955e+03 -4.470542663096773950e+00
1.414099999999999909e+03 -4.468170499461289857e+00
1.414150000000000091e+03 -4.464662899030645171e+00
1.414200000000000045e+03 -4.463001150085483815e+00
1.414250000000000000e+03 -4.465285098320967982e+00
1.414299999999999955e+03 -4.471170803659677340e+00
1.414349999999999909e+03 -4.478194080037096292e+00
1.414400000000000091e+03 -4.482981092179032068e+00
1.414450000000000045e+03 -4.483477082688709814e+00
1.414500000000000000e+03 -4.480022146159677199e+00
1.414549999999999955e+03 -4.475234903288709987e+00
1.414599999999999909e+03 -4.471970818124193059e+00
1.414650000000000091e+03 -4.471828035308064386e+00
1.414700000000000045e+03 -4.473618646417741651e+00
1.414750000000000000e+03 -4.475301449387096397e+00
1.414799999999999955e+03 -4.474963546719354923e+00
1.414849999999999909e+03 -4.473215524343548744e+00
1.414900000000000091e+03 -4.471000237222580331e+00
1.414950000000000045e+03 -4.470544066698387553e+00
1.415000000000000000e+03 -4.471989026490322594e+00
1.415049999999999955e+03 -4.474328003600000159e+00
1.415099999999999909e+03 -4.476011575666129616e+00
1.415150000000000091e+03 -4.476858581943548465e+00
1.415200000000000045e+03 -4.476967082270967957e+00
1.415250000000000000e+03 -4.477808435687096633e+00
1.415299999999999955e+03 -4.480093095337096543e+00
1.415349999999999909e+03 -4.483294672161290073e+00
1.415400000000000091e+03 -4.486205376585483684e+00
1.415450000000000045e+03 -4.488203182366128807e+00
1.415500000000000000e+03 -4.489367248788710185e+00
1.415549999999999955e+03 -4.491156052520968167e+00
1.415599999999999909e+03 -4.494761616653225822e+00
1.415650000000000091e+03 -4.498732232569354395e+00
1.415700000000000045e+03 -4.501510863850000099e+00
1.415750000000000000e+03 -4.500160137640322411e+00
1.415799999999999955e+03 -4.494509429820968016e+00
1.415849999999999909e+03 -4.484917466354838567e+00
1.415900000000000091e+03 -4.474263803246773641e+00
1.415950000000000045e+03 -4.464245683258064368e+00
1.416000000000000000e+03 -4.456046630959677124e+00
1.416049999999999955e+03 -4.450912102440322649e+00
1.416099999999999909e+03 -4.448938523208064488e+00
1.416150000000000091e+03 -4.450731114741935279e+00
1.416200000000000045e+03 -4.457448732833870331e+00
1.416250000000000000e+03 -4.468816886845161207e+00
1.416299999999999955e+03 -4.483404941411290423e+00
1.416349999999999909e+03 -4.499795681906451073e+00
1.416400000000000091e+03 -4.513565436732258185e+00
1.416450000000000045e+03 -4.521431162488710243e+00
1.416500000000000000e+03 -4.521336275174193453e+00
1.416549999999999955e+03 -4.512541057511289644e+00
1.416599999999999909e+03 -4.497511675988709712e+00
1.416650000000000091e+03 -4.479846407546774323e+00
1.416700000000000045e+03 -4.463420538556451156e+00
1.416750000000000000e+03 -4.451503345585483551e+00
1.416799999999999955e+03 -4.445607930399999574e+00
1.416849999999999909e+03 -4.446075233600000232e+00
1.416900000000000091e+03 -4.452048750562902946e+00
1.416950000000000045e+03 -4.462959388130645522e+00
1.417000000000000000e+03 -4.476353939095161216e+00
1.417049999999999955e+03 -4.490271206682257876e+00
1.417099999999999909e+03 -4.501378290793548231e+00
1.417150000000000091e+03 -4.507587497462902881e+00
1.417200000000000045e+03 -4.508086179811289895e+00
1.417250000000000000e+03 -4.503199511954838918e+00
1.417299999999999955e+03 -4.495144549937096556e+00
1.417349999999999909e+03 -4.486281632530645602e+00
1.417400000000000091e+03 -4.479242589669354402e+00
1.417450000000000045e+03 -4.475203581822580823e+00
1.417500000000000000e+03 -4.474933974948386961e+00
1.417549999999999955e+03 -4.477990480893548231e+00
1.417599999999999909e+03 -4.482822331377419367e+00
1.417650000000000091e+03 -4.486748493500000379e+00
1.417700000000000045e+03 -4.488344542353225997e+00
1.417750000000000000e+03 -4.485536339301612330e+00
1.417799999999999955e+03 -4.479169487020968177e+00
1.417849999999999909e+03 -4.471571387714515566e+00
1.417900000000000091e+03 -4.466369793956451062e+00
1.417950000000000045e+03 -4.466832424893548925e+00
1.418000000000000000e+03 -4.473529181235483598e+00
1.418049999999999955e+03 -4.484850208841935526e+00
1.418099999999999909e+03 -4.497657016051612722e+00
1.418150000000000091e+03 -4.507925765451612499e+00
1.418200000000000045e+03 -4.513560149191935267e+00
1.418250000000000000e+03 -4.513429768061289593e+00
1.418299999999999955e+03 -4.507954106667741989e+00
1.418349999999999909e+03 -4.498022317791935620e+00
1.418400000000000091e+03 -4.485052039062903617e+00
1.418450000000000045e+03 -4.471032173966129619e+00
1.418500000000000000e+03 -4.458831703425806481e+00
1.418549999999999955e+03 -4.450985935730645160e+00
1.418599999999999909e+03 -4.450109588411289785e+00
1.418650000000000091e+03 -4.457252670838709463e+00
1.418700000000000045e+03 -4.471088010391935263e+00
1.418750000000000000e+03 -4.488093259209676944e+00
1.418799999999999955e+03 -4.502643339622580676e+00
1.418849999999999909e+03 -4.510852851637096705e+00
1.418900000000000091e+03 -4.510871175367741515e+00
1.418950000000000045e+03 -4.504082204322580552e+00
1.419000000000000000e+03 -4.495276834582258019e+00
1.419049999999999955e+03 -4.490056244133870500e+00
1.419099999999999909e+03 -4.491361670543548179e+00
1.419150000000000091e+03 -4.499271369408064380e+00
1.419200000000000045e+03 -4.509582553722580656e+00
1.419250000000000000e+03 -4.517160041235483980e+00
1.419299999999999955e+03 -4.517784393996773673e+00
1.419349999999999909e+03 -4.510256320951612885e+00
1.419400000000000091e+03 -4.497050294833870865e+00
1.419450000000000045e+03 -4.482351221148387133e+00
1.419500000000000000e+03 -4.470377807203226084e+00
1.419549999999999955e+03 -4.463087615790322538e+00
1.419599999999999909e+03 -4.460955102709677433e+00
1.419650000000000091e+03 -4.463016032108064302e+00
1.419700000000000045e+03 -4.469177477867741999e+00
1.419750000000000000e+03 -4.479611102388710187e+00
1.419799999999999955e+03 -4.493277721337096686e+00
1.419849999999999909e+03 -4.508919226982257555e+00
1.419900000000000091e+03 -4.522989910148386805e+00
1.419950000000000045e+03 -4.531896146930645131e+00
1.420000000000000000e+03 -4.532942368499999652e+00
1.420049999999999955e+03 -4.525557655093548348e+00
1.420099999999999909e+03 -4.511034243111289754e+00
1.420150000000000091e+03 -4.492810994959677728e+00
1.420200000000000045e+03 -4.473875870833870394e+00
1.420250000000000000e+03 -4.457971757095161358e+00
1.420299999999999955e+03 -4.448140316120968052e+00
1.420349999999999909e+03 -4.447113091241935656e+00
1.420400000000000091e+03 -4.455640836274193717e+00
1.420450000000000045e+03 -4.471997102006451286e+00
1.420500000000000000e+03 -4.491341327933870531e+00
1.420549999999999955e+03 -4.508997001893548351e+00
1.420599999999999909e+03 -4.520494710256451221e+00
1.420650000000000091e+03 -4.524922111974193584e+00
1.420700000000000045e+03 -4.523853490461290150e+00
1.420750000000000000e+03 -4.520631186479032060e+00
1.420799999999999955e+03 -4.518158771079032299e+00
1.420849999999999909e+03 -4.517006375700000298e+00
1.420900000000000091e+03 -4.515839175208064660e+00
1.420950000000000045e+03 -4.512050277632257966e+00
1.421000000000000000e+03 -4.504037192933870948e+00
1.421049999999999955e+03 -4.492973235924193176e+00
1.421099999999999909e+03 -4.481016492151612240e+00
1.421150000000000091e+03 -4.471671831753226023e+00
1.421200000000000045e+03 -4.468339796888709969e+00
1.421250000000000000e+03 -4.471519704411289986e+00
1.421299999999999955e+03 -4.479688608116129345e+00
1.421349999999999909e+03 -4.489936322719354500e+00
1.421400000000000091e+03 -4.499799854256451681e+00
1.421450000000000045e+03 -4.507123655198387091e+00
1.421500000000000000e+03 -4.511014881100000373e+00
1.421549999999999955e+03 -4.511200944837096216e+00
1.421599999999999909e+03 -4.508658407038709903e+00
1.421650000000000091e+03 -4.505753566977419133e+00
1.421700000000000045e+03 -4.504707133906451055e+00
1.421750000000000000e+03 -4.506621050456451449e+00
1.421799999999999955e+03 -4.510363359995161581e+00
1.421849999999999909e+03 -4.514212266346773639e+00
1.421900000000000091e+03 -4.515412557227419299e+00
1.421950000000000045e+03 -4.512230823100000343e+00
1.422000000000000000e+03 -4.505294262383870318e+00
1.422049999999999955e+03 -4.496795800711289814e+00
1.422099999999999909e+03 -4.489057687337096425e+00
1.422150000000000091e+03 -4.484618345391935712e+00
1.422200000000000045e+03 -4.483869129769354700e+00
1.422250000000000000e+03 -4.487097163522580701e+00
1.422299999999999955e+03 -4.493121363962902848e+00
1.422349999999999909e+03 -4.501194957350000081e+00
1.422400000000000091e+03 -4.509885520169354400e+00
1.422450000000000045e+03 -4.517409555456451287e+00
1.422500000000000000e+03 -4.522228004429032389e+00
1.422549999999999955e+03 -4.523722840146773727e+00
1.422599999999999909e+03 -4.522042709788709480e+00
1.422650000000000091e+03 -4.518466505925806231e+00
1.422700000000000045e+03 -4.514083250362903144e+00
1.422750000000000000e+03 -4.509916457087096653e+00
1.422799999999999955e+03 -4.506730665974193251e+00
1.422849999999999909e+03 -4.504509206851612824e+00
1.422900000000000091e+03 -4.503282401359677500e+00
1.422950000000000045e+03 -4.502793428858064217e+00
1.423000000000000000e+03 -4.502564084200000316e+00
1.423049999999999955e+03 -4.502481656253225495e+00
1.423099999999999909e+03 -4.502072381404838453e+00
1.423150000000000091e+03 -4.501464871862903117e+00
1.423200000000000045e+03 -4.501680430461290072e+00
1.423250000000000000e+03 -4.503324470953225855e+00
1.423299999999999955e+03 -4.506690999808064646e+00
1.423349999999999909e+03 -4.512039471822580694e+00
1.423400000000000091e+03 -4.518140562712903652e+00
1.423450000000000045e+03 -4.523750777587096650e+00
1.423500000000000000e+03 -4.527180814608064985e+00
1.423549999999999955e+03 -4.527421580353226283e+00
1.423599999999999909e+03 -4.523972796598386914e+00
1.423650000000000091e+03 -4.517615846438709504e+00
1.423700000000000045e+03 -4.509401219930645688e+00
1.423750000000000000e+03 -4.501044464338709972e+00
1.423799999999999955e+03 -4.493567420864516215e+00
1.423849999999999909e+03 -4.488585615737096468e+00
1.423900000000000091e+03 -4.487392035225806985e+00
1.423950000000000045e+03 -4.490642872698387578e+00
1.424000000000000000e+03 -4.497707045796773606e+00
1.424049999999999955e+03 -4.507308680654838362e+00
1.424099999999999909e+03 -4.516707735422580861e+00
1.424150000000000091e+03 -4.524218849883870242e+00
1.424200000000000045e+03 -4.527637735001612818e+00
1.424250000000000000e+03 -4.527260666080644924e+00
1.424299999999999955e+03 -4.524182337014515554e+00
1.424349999999999909e+03 -4.519373290249999897e+00
1.424400000000000091e+03 -4.514868632761290357e+00
1.424450000000000045e+03 -4.511838141514515677e+00
1.424500000000000000e+03 -4.511310137351612681e+00
1.424549999999999955e+03 -4.511969753199999822e+00
1.424599999999999909e+03 -4.512963157048387686e+00
1.424650000000000091e+03 -4.512494873249999650e+00
1.424700000000000045e+03 -4.509724759716129405e+00
1.424750000000000000e+03 -4.506104352016128800e+00
1.424799999999999955e+03 -4.504078493430645480e+00
1.424849999999999909e+03 -4.505416741045161544e+00
1.424900000000000091e+03 -4.510240093009676876e+00
1.424950000000000045e+03 -4.516655494524193237e+00
1.425000000000000000e+03 -4.521024175703225900e+00
1.425049999999999955e+03 -4.521889178845161616e+00
1.425099999999999909e+03 -4.518805100780645567e+00
1.425150000000000091e+03 -4.512964272238709995e+00
1.425200000000000045e+03 -4.505982104083870787e+00
1.425250000000000000e+03 -4.500082689595161334e+00
1.425299999999999955e+03 -4.495330402172580619e+00
1.425349999999999909e+03 -4.492532928020968264e+00
1.425400000000000091e+03 -4.491847682022580557e+00
1.425450000000000045e+03 -4.493658385785483489e+00
1.425500000000000000e+03 -4.498098169961290083e+00
1.425549999999999955e+03 -4.504447121514515651e+00
1.425599999999999909e+03 -4.512136647200000183e+00
1.425650000000000091e+03 -4.518925310606451085e+00
1.425700000000000045e+03 -4.523328831869354971e+00
1.425750000000000000e+03 -4.524040438659676866e+00
1.425799999999999955e+03 -4.521056612359677374e+00
1.425849999999999909e+03 -4.515505041114516338e+00
1.425900000000000091e+03 -4.509237229270968150e+00
1.425950000000000045e+03 -4.504450217129032374e+00
1.426000000000000000e+03 -4.502243813075806678e+00
1.426049999999999955e+03 -4.503177669606451161e+00
1.426099999999999909e+03 -4.505817555829032095e+00
1.426150000000000091e+03 -4.509883635882258268e+00
1.426200000000000045e+03 -4.514247567888709511e+00
1.426250000000000000e+03 -4.517530169058064260e+00
1.426299999999999955e+03 -4.520484808135483590e+00
1.426349999999999909e+03 -4.521094836469354838e+00
1.426400000000000091e+03 -4.519286324632258101e+00
1.426450000000000045e+03 -4.515197575451612266e+00
1.426500000000000000e+03 -4.509456479533870521e+00
1.426549999999999955e+03 -4.503605210503225820e+00
1.426599999999999909e+03 -4.498898472837096207e+00
1.426650000000000091e+03 -4.497832120159677594e+00
1.426700000000000045e+03 -4.500371389296773827e+00
1.426750000000000000e+03 -4.506182819114515681e+00
1.426799999999999955e+03 -4.513013302158064732e+00
1.426849999999999909e+03 -4.518412246148387545e+00
1.426900000000000091e+03 -4.521227044204838563e+00
1.426950000000000045e+03 -4.521085876491935274e+00
1.427000000000000000e+03 -4.518654934635484288e+00
1.427049999999999955e+03 -4.515511751483870739e+00
1.427099999999999909e+03 -4.512505563695161648e+00
1.427150000000000091e+03 -4.509929704779032100e+00
1.427200000000000045e+03 -4.507364267124192914e+00
1.427250000000000000e+03 -4.504643337329031993e+00
1.427299999999999955e+03 -4.502542530262902964e+00
1.427349999999999909e+03 -4.502005950670968204e+00
1.427400000000000091e+03 -4.503618227466128943e+00
1.427450000000000045e+03 -4.507569116049999991e+00
1.427500000000000000e+03 -4.512743637601612789e+00
1.427549999999999955e+03 -4.517397557546773967e+00
1.427599999999999909e+03 -4.520804194798387243e+00
1.427650000000000091e+03 -4.522051035261290153e+00
1.427700000000000045e+03 -4.520981087056451742e+00
1.427750000000000000e+03 -4.518104588211289574e+00
1.427799999999999955e+03 -4.513927354446773954e+00
1.427849999999999909e+03 -4.509884501116129485e+00
1.427900000000000091e+03 -4.506140538019354658e+00
1.427950000000000045e+03 -4.503997988225806992e+00
1.428000000000000000e+03 -4.503251695170967572e+00
1.428049999999999955e+03 -4.503812674358064427e+00
1.428099999999999909e+03 -4.505824131606451566e+00
1.428150000000000091e+03 -4.507965489300000073e+00
1.428200000000000045e+03 -4.510256763182257878e+00
1.428250000000000000e+03 -4.511816279938710039e+00
1.428299999999999955e+03 -4.512962810954838311e+00
1.428349999999999909e+03 -4.513687030932257649e+00
1.428400000000000091e+03 -4.514353876290322809e+00
1.428450000000000045e+03 -4.514882207319354634e+00
1.428500000000000000e+03 -4.515374140843548822e+00
1.428549999999999955e+03 -4.515717830964516288e+00
1.428599999999999909e+03 -4.515377736370967732e+00
1.428650000000000091e+03 -4.514547111854838590e+00
1.428700000000000045e+03 -4.513423326875806829e+00
1.428750000000000000e+03 -4.512012841846773981e+00
1.428799999999999955e+03 -4.510308254211290446e+00
1.428849999999999909e+03 -4.507997618317742372e+00
1.428900000000000091e+03 -4.504175784172580244e+00
1.428950000000000045e+03 -4.499258813903225906e+00
1.429000000000000000e+03 -4.494603394219354620e+00
1.429049999999999955e+03 -4.491845567006451212e+00
1.429099999999999909e+03 -4.493392605167741749e+00
1.429150000000000091e+03 -4.499884031898386816e+00
1.429200000000000045e+03 -4.509985964208064857e+00
1.429250000000000000e+03 -4.521193242401612800e+00
1.429299999999999955e+03 -4.529731389467741565e+00
1.429349999999999909e+03 -4.532203727958064476e+00
1.429400000000000091e+03 -4.527579033690322774e+00
1.429450000000000045e+03 -4.516740460490322739e+00
1.429500000000000000e+03 -4.503507535212903257e+00
1.429549999999999955e+03 -4.491689171177418949e+00
1.429599999999999909e+03 -4.485108490766129385e+00
1.429650000000000091e+03 -4.485845593114516028e+00
1.429700000000000045e+03 -4.493643196124192940e+00
1.429750000000000000e+03 -4.505900829782257588e+00
1.429799999999999955e+03 -4.519023120488709466e+00
1.429849999999999909e+03 -4.529369164114515733e+00
1.429900000000000091e+03 -4.533984340809677605e+00
1.429950000000000045e+03 -4.532296961714515682e+00
1.430000000000000000e+03 -4.525598397995160838e+00
1.430049999999999955e+03 -4.516815005195160992e+00
1.430099999999999909e+03 -4.509136458366128863e+00
1.430150000000000091e+03 -4.504736609540322512e+00
1.430200000000000045e+03 -4.504155749201612657e+00
1.430250000000000000e+03 -4.506181415512902966e+00
1.430299999999999955e+03 -4.508544676853225575e+00
1.430349999999999909e+03 -4.509110270620968031e+00
1.430400000000000091e+03 -4.507826205874192915e+00
1.430450000000000045e+03 -4.505056880664516150e+00
1.430500000000000000e+03 -4.502415360111290177e+00
1.430549999999999955e+03 -4.501103031058064197e+00
1.430599999999999909e+03 -4.501660049396773999e+00
1.430650000000000091e+03 -4.502935346440322562e+00
1.430700000000000045e+03 -4.503707269645161659e+00
1.430750000000000000e+03 -4.503170863100000254e+00
1.430799999999999955e+03 -4.501998644251612447e+00
1.430849999999999909e+03 -4.501263753056451655e+00
1.430900000000000091e+03 -4.502113739583871066e+00
1.430950000000000045e+03 -4.505399936280645612e+00
1.431000000000000000e+03 -4.510874213300000157e+00
1.431049999999999955e+03 -4.516753688954838530e+00
1.431099999999999909e+03 -4.521308049322581013e+00
1.431150000000000091e+03 -4.522916692135483530e+00
1.431200000000000045e+03 -4.521076012825806956e+00
1.431250000000000000e+03 -4.515851442301612728e+00
1.431299999999999955e+03 -4.509646081116128968e+00
1.431349999999999909e+03 -4.503239043529031704e+00
1.431400000000000091e+03 -4.498545765056451096e+00
1.431450000000000045e+03 -4.496130320499999833e+00
1.431500000000000000e+03 -4.496117438129031640e+00
1.431549999999999955e+03 -4.498611907379031827e+00
1.431599999999999909e+03 -4.503008064540322763e+00
1.431650000000000091e+03 -4.507851413020968145e+00
1.431700000000000045e+03 -4.512216633264515941e+00
1.431750000000000000e+03 -4.514377833654839023e+00
1.431799999999999955e+03 -4.514369373590322532e+00
1.431849999999999909e+03 -4.513012533061290021e+00
1.431900000000000091e+03 -4.511417407124193701e+00
1.431950000000000045e+03 -4.511269375222580535e+00
1.432000000000000000e+03 -4.512228458127419017e+00
1.432049999999999955e+03 -4.513279698053225708e+00
1.432099999999999909e+03 -4.512994324695161374e+00
1.432150000000000091e+03 -4.509641101214516112e+00
1.432200000000000045e+03 -4.503634993775806450e+00
1.432250000000000000e+03 -4.496035702369354681e+00
1.432299999999999955e+03 -4.488891639343548512e+00
1.432349999999999909e+03 -4.484397710754838506e+00
1.432400000000000091e+03 -4.483876186232257588e+00
1.432450000000000045e+03 -4.487212874132257667e+00
1.432500000000000000e+03 -4.494014458364516074e+00
1.432549999999999955e+03 -4.502094569846773808e+00
1.432599999999999909e+03 -4.509472745930644955e+00
1.432650000000000091e+03 -4.514280062227419066e+00
1.432700000000000045e+03 -4.515832734022581008e+00
1.432750000000000000e+03 -4.514516251846774075e+00
1.432799999999999955e+03 -4.511404274796774416e+00
1.432849999999999909e+03 -4.507743451061290152e+00
1.432900000000000091e+03 -4.504188089720967625e+00
1.432950000000000045e+03 -4.500649802329031779e+00
1.433000000000000000e+03 -4.497174753919354728e+00
1.433049999999999955e+03 -4.493460920188709906e+00
1.433099999999999909e+03 -4.489795597237096203e+00
1.433150000000000091e+03 -4.487209893882257994e+00
1.433200000000000045e+03 -4.485748840740322763e+00
1.433250000000000000e+03 -4.486381557429031552e+00
1.433299999999999955e+03 -4.488971971501612757e+00
1.433349999999999909e+03 -4.493273875853225796e+00
1.433400000000000091e+03 -4.498074308733870375e+00
1.433450000000000045e+03 -4.502192033635483703e+00
1.433500000000000000e+03 -4.504785254911290338e+00
1.433549999999999955e+03 -4.505499188219354245e+00
1.433599999999999909e+03 -4.505354886437096695e+00
1.433650000000000091e+03 -4.504350734461289640e+00
1.433700000000000045e+03 -4.502943979551612408e+00
1.433750000000000000e+03 -4.501800601832258053e+00
1.433799999999999955e+03 -4.500878339435484321e+00
1.433849999999999909e+03 -4.499467162219354499e+00
1.433900000000000091e+03 -4.497616696153225568e+00
1.433950000000000045e+03 -4.495141915780645370e+00
1.434000000000000000e+03 -4.492310447551612462e+00
1.434049999999999955e+03 -4.490167590119354735e+00
1.434099999999999909e+03 -4.489567252404838449e+00
1.434150000000000091e+03 -4.491353095114516414e+00
1.434200000000000045e+03 -4.495057161316129424e+00
1.434250000000000000e+03 -4.499170867687096731e+00
1.434299999999999955e+03 -4.501770087917742025e+00
1.434349999999999909e+03 -4.501645763424193092e+00
1.434400000000000091e+03 -4.498708236749999756e+00
1.434450000000000045e+03 -4.494087407193548600e+00
1.434500000000000000e+03 -4.489857663346773720e+00
1.434549999999999955e+03 -4.487989546509677297e+00
1.434599999999999909e+03 -4.489280571582257906e+00
1.434650000000000091e+03 -4.493382280043548782e+00
1.434700000000000045e+03 -4.499012318387096698e+00
1.434750000000000000e+03 -4.504127907898387129e+00
1.434799999999999955e+03 -4.507167666761289659e+00
1.434849999999999909e+03 -4.507509011137096344e+00
1.434900000000000091e+03 -4.505452119496774266e+00
1.434950000000000045e+03 -4.502167403311290172e+00
1.435000000000000000e+03 -4.499300152854838863e+00
1.435049999999999955e+03 -4.497651324735484124e+00
1.435099999999999909e+03 -4.497112937766129193e+00
1.435150000000000091e+03 -4.497598564696773771e+00
1.435200000000000045e+03 -4.498821044019354787e+00
1.435250000000000000e+03 -4.500377330569354406e+00
1.435299999999999955e+03 -4.501944692112902935e+00
1.435349999999999909e+03 -4.503552431237096698e+00
1.435400000000000091e+03 -4.504446487009677647e+00
1.435450000000000045e+03 -4.504579386932258345e+00
1.435500000000000000e+03 -4.504037788983870527e+00
1.435549999999999955e+03 -4.502593867472580946e+00
1.435599999999999909e+03 -4.500493348817742323e+00
1.435650000000000091e+03 -4.498066617766129482e+00
1.435700000000000045e+03 -4.495696357645161179e+00
1.435750000000000000e+03 -4.493325405337096790e+00
1.435799999999999955e+03 -4.491328003332258234e+00
1.435849999999999909e+03 -4.490356499514516209e+00
1.435900000000000091e+03 -4.490186855993548498e+00
1.435950000000000045e+03 -4.491460095703225797e+00
1.436000000000000000e+03 -4.493724393516129290e+00
1.436049999999999955e+03 -4.496120053058064947e+00
1.436099999999999909e+03 -4.498292886037096316e+00
1.436150000000000091e+03 -4.499475295417742160e+00
1.436200000000000045e+03 -4.498872996506451116e+00
1.436250000000000000e+03 -4.496788167425807003e+00
1.436299999999999955e+03 -4.494536655846774309e+00
1.436349999999999909e+03 -4.493320386980645509e+00
1.436400000000000091e+03 -4.493707031156451315e+00
1.436450000000000045e+03 -4.495989441198386949e+00
1.436500000000000000e+03 -4.499325840687096623e+00
1.436549999999999955e+03 -4.501999336438710309e+00
1.436599999999999909e+03 -4.502780892580645400e+00
1.436650000000000091e+03 -4.501441664367741957e+00
1.436700000000000045e+03 -4.498447205304838548e+00
1.436750000000000000e+03 -4.495439921553225915e+00
1.436799999999999955e+03 -4.493806013911290087e+00
1.436849999999999909e+03 -4.494494528570967873e+00
1.436900000000000091e+03 -4.497443149466128887e+00
1.436950000000000045e+03 -4.501622517474193508e+00
1.437000000000000000e+03 -4.505836187198386966e+00
1.437049999999999955e+03 -4.508551964045161675e+00
1.437099999999999909e+03 -4.508090352161289616e+00
1.437150000000000091e+03 -4.504006256016129583e+00
1.437200000000000045e+03 -4.496931738566129155e+00
1.437250000000000000e+03 -4.488316105000000000e+00
1.437299999999999955e+03 -4.480621849369354592e+00
1.437349999999999909e+03 -4.476716318267741634e+00
1.437400000000000091e+03 -4.478343727041935729e+00
1.437450000000000045e+03 -4.485311801498387041e+00
1.437500000000000000e+03 -4.495355455500000375e+00
1.437549999999999955e+03 -4.504862241498387654e+00
1.437599999999999909e+03 -4.510520736422580335e+00
1.437650000000000091e+03 -4.510333172946774383e+00
1.437700000000000045e+03 -4.504910386956451518e+00
1.437750000000000000e+03 -4.496129070717741705e+00
1.437799999999999955e+03 -4.487313279716128811e+00
1.437849999999999909e+03 -4.481104572959677235e+00
1.437900000000000091e+03 -4.478502737799999522e+00
1.437950000000000045e+03 -4.478964484275806512e+00
1.438000000000000000e+03 -4.481407635543548373e+00
1.438049999999999955e+03 -4.484304015540322652e+00
1.438099999999999909e+03 -4.486685927477418900e+00
1.438150000000000091e+03 -4.488693366195160905e+00
1.438200000000000045e+03 -4.490161648846774156e+00
1.438250000000000000e+03 -4.491085987804838808e+00
1.438299999999999955e+03 -4.491893962420967945e+00
1.438349999999999909e+03 -4.492190122361289895e+00
1.438400000000000091e+03 -4.492323579879031747e+00
1.438450000000000045e+03 -4.491565404279032059e+00
1.438500000000000000e+03 -4.489277475967742070e+00
1.438549999999999955e+03 -4.485639494406451711e+00
1.438599999999999909e+03 -4.481459511120967854e+00
1.438650000000000091e+03 -4.477924550072581056e+00
1.438700000000000045e+03 -4.476274414488710107e+00
1.438750000000000000e+03 -4.477230401779031865e+00
1.438799999999999955e+03 -4.480213093661290280e+00
1.438849999999999909e+03 -4.484089437540322187e+00
1.438900000000000091e+03 -4.487328488604839016e+00
1.438950000000000045e+03 -4.489224792838710343e+00
1.439000000000000000e+03 -4.489167091353225558e+00
1.439049999999999955e+03 -4.488268536364516059e+00
1.439099999999999909e+03 -4.487677946951612817e+00
1.439150000000000091e+03 -4.487842572116129247e+00
1.439200000000000045e+03 -4.488714881677418944e+00
1.439250000000000000e+03 -4.489596151216129094e+00
1.439299999999999955e+03 -4.490589170516129158e+00
1.439349999999999909e+03 -4.490825340908064511e+00
1.439400000000000091e+03 -4.490079028625806323e+00
1.439450000000000045e+03 -4.488257826691935293e+00
1.439500000000000000e+03 -4.485261848662903006e+00
1.439549999999999955e+03 -4.481203363440322995e+00
1.439599999999999909e+03 -4.476794823820967828e+00
1.439650000000000091e+03 -4.473769331703225660e+00
1.439700000000000045e+03 -4.473013944079031745e+00
1.439750000000000000e+03 -4.475036591685483955e+00
1.439799999999999955e+03 -4.478738331369354952e+00
1.439849999999999909e+03 -4.483295825806451695e+00
1.439900000000000091e+03 -4.487756740916129417e+00
1.439950000000000045e+03 -4.491376341064515998e+00
1.440000000000000000e+03 -4.493863638487096246e+00
