1.890000000000000000e+03 -4.488992602522580810e+00
1.890049999999999955e+03 -4.488846301088710078e+00
1.890099999999999909e+03 -4.488954032319354859e+00
1.890150000000000091e+03 -4.489022443477419522e+00
1.890200000000000045e+03 -4.488987122708064881e+00
1.890250000000000000e+03 -4.489029922943548634e+00
1.890299999999999955e+03 -4.489095776854838959e+00
1.890349999999999909e+03 -4.489044785738709464e+00
1.890400000000000091e+03 -4.488999178300000281e+00
1.890450000000000045e+03 -4.489127425187096954e+00
1.890500000000000000e+03 -4.488991929562903493e+00
1.890549999999999955e+03 -4.489027769472580864e+00
1.890599999999999909e+03 -4.489185761177418854e+00
1.890650000000000091e+03 -4.489324313961289725e+00
1.890700000000000045e+03 -4.489564887432258011e+00
1.890750000000000000e+03 -4.489717514687096234e+00
1.890799999999999955e+03 -4.489952435296774347e+00
1.890849999999999909e+03 -4.490141863832257663e+00
1.890900000000000091e+03 -4.490299086440322718e+00
1.890950000000000045e+03 -4.490508223080645678e+00
1.891000000000000000e+03 -4.490533084133870645e+00
1.891049999999999955e+03 -4.490690287514516044e+00
1.891099999999999909e+03 -4.490823783487096321e+00
1.891150000000000091e+03 -4.490871621306451011e+00
1.891200000000000045e+03 -4.491023248735483975e+00
1.891250000000000000e+03 -4.491096505203225675e+00
1.891299999999999955e+03 -4.491346250153226194e+00
1.891349999999999909e+03 -4.491575344854839003e+00
1.891400000000000091e+03 -4.491668097925806791e+00
1.891450000000000045e+03 -4.491642948461289642e+00
1.891500000000000000e+03 -4.491731433045161204e+00
1.891549999999999955e+03 -4.492048858511290099e+00
1.891599999999999909e+03 -4.492214541183870757e+00
1.891650000000000091e+03 -4.492375013225806235e+00
1.891700000000000045e+03 -4.492540811262903055e+00
1.891750000000000000e+03 -4.492637352135483653e+00
1.891799999999999955e+03 -4.492796843579031751e+00
1.891849999999999909e+03 -4.492881251950000099e+00
1.891900000000000091e+03 -4.492969255848387355e+00
1.891950000000000045e+03 -4.492884347564515934e+00
1.892000000000000000e+03 -4.493239381862903059e+00
1.892049999999999955e+03 -4.493411159627418883e+00
1.892099999999999909e+03 -4.493577284530645422e+00
1.892150000000000091e+03 -4.493708146346773624e+00
1.892200000000000045e+03 -4.493865888095161409e+00
1.892250000000000000e+03 -4.494058219970967549e+00
1.892299999999999955e+03 -4.494231324427419239e+00
1.892349999999999909e+03 -4.494325904103225966e+00
1.892400000000000091e+03 -4.494268144935483988e+00
1.892450000000000045e+03 -4.494430174398387656e+00
1.892500000000000000e+03 -4.494558152101612691e+00
1.892549999999999955e+03 -4.494568246496774222e+00
1.892599999999999909e+03 -4.494503950006451198e+00
1.892650000000000091e+03 -4.494501758080645004e+00
1.892700000000000045e+03 -4.494615795904838507e+00
1.892750000000000000e+03 -4.494575264504838685e+00
1.892799999999999955e+03 -4.494799571579031650e+00
1.892849999999999909e+03 -4.494810108204839061e+00
1.892900000000000091e+03 -4.494736640235483804e+00
1.892950000000000045e+03 -4.494700396549999866e+00
1.893000000000000000e+03 -4.494699627453226043e+00
1.893049999999999955e+03 -4.494763520167741611e+00
1.893099999999999909e+03 -4.494836161358064963e+00
1.893150000000000091e+03 -4.494871616719354535e+00
1.893200000000000045e+03 -4.494713567332257576e+00
1.893250000000000000e+03 -4.494681284495161577e+00
1.893299999999999955e+03 -4.494593742054838970e+00
1.893349999999999909e+03 -4.494609162445160955e+00
1.893400000000000091e+03 -4.494640445456451694e+00
1.893450000000000045e+03 -4.494906764441934932e+00
1.893500000000000000e+03 -4.494889305945161340e+00
1.893549999999999955e+03 -4.494939451054838386e+00
1.893599999999999909e+03 -4.495062083535484199e+00
1.893650000000000091e+03 -4.495183485461289763e+00
1.893700000000000045e+03 -4.495414522132257673e+00
1.893750000000000000e+03 -4.495688032172580506e+00
1.893799999999999955e+03 -4.495846081559677465e+00
1.893849999999999909e+03 -4.496220785508064921e+00
1.893900000000000091e+03 -4.496365741022581020e+00
1.893950000000000045e+03 -4.496602046006451303e+00
1.894000000000000000e+03 -4.496840139140322989e+00
1.894049999999999955e+03 -4.497087019204838221e+00
1.894099999999999909e+03 -4.497232513087096706e+00
1.894150000000000091e+03 -4.497529538261289872e+00
1.894200000000000045e+03 -4.497785666714515962e+00
1.894250000000000000e+03 -4.497916989988709702e+00
1.894299999999999955e+03 -4.498295635558064554e+00
1.894349999999999909e+03 -4.498469797522580471e+00
1.894400000000000091e+03 -4.498814948927419621e+00
1.894450000000000045e+03 -4.498948137261289837e+00
1.894500000000000000e+03 -4.499289366272580359e+00
1.894549999999999955e+03 -4.499609560487096260e+00
1.894599999999999909e+03 -4.499834828932257835e+00
1.894650000000000091e+03 -4.500036582243548189e+00
1.894700000000000045e+03 -4.500416669869355069e+00
1.894750000000000000e+03 -4.500661473372580268e+00
1.894799999999999955e+03 -4.500649052459677613e+00
1.894849999999999909e+03 -4.501003029249999621e+00
1.894900000000000091e+03 -4.501052366808064420e+00
1.894950000000000045e+03 -4.501255177627419002e+00
1.895000000000000000e+03 -4.501437972703225654e+00
1.895049999999999955e+03 -4.501483310958064976e+00
1.895099999999999909e+03 -4.501624363306451215e+00
1.895150000000000091e+03 -4.501796814030645244e+00
1.895200000000000045e+03 -4.501633477103226255e+00
1.895250000000000000e+03 -4.501559509220967925e+00
1.895299999999999955e+03 -4.501517554991935732e+00
1.895349999999999909e+03 -4.501547780495161355e+00
1.895400000000000091e+03 -4.501559470766129500e+00
1.895450000000000045e+03 -4.501546626849999733e+00
1.895500000000000000e+03 -4.501563123975806491e+00
1.895549999999999955e+03 -4.501302380941935688e+00
1.895599999999999909e+03 -4.501298247046774392e+00
1.895650000000000091e+03 -4.501308206850000104e+00
1.895700000000000045e+03 -4.501210858425806371e+00
1.895750000000000000e+03 -4.501087552985484130e+00
1.895799999999999955e+03 -4.501130026354839053e+00
1.895849999999999909e+03 -4.501294382335483846e+00
1.895900000000000091e+03 -4.501173249593548142e+00
1.895950000000000045e+03 -4.501218568620967808e+00
1.896000000000000000e+03 -4.501303207720967592e+00
1.896049999999999955e+03 -4.501097185922581012e+00
1.896099999999999909e+03 -4.501044848887096883e+00
1.896150000000000091e+03 -4.501002298608064223e+00
1.896200000000000045e+03 -4.500629382809677281e+00
1.896250000000000000e+03 -4.500331550083870980e+00
1.896299999999999955e+03 -4.499956942272580918e+00
1.896349999999999909e+03 -4.499844827190322860e+00
1.896400000000000091e+03 -4.499737403598387253e+00
1.896450000000000045e+03 -4.499426669274193102e+00
1.896500000000000000e+03 -4.499276080125806487e+00
1.896549999999999955e+03 -4.499146718048387505e+00
1.896599999999999909e+03 -4.499135008549999704e+00
1.896650000000000091e+03 -4.498924968220967990e+00
1.896700000000000045e+03 -4.498967230088710245e+00
1.896750000000000000e+03 -4.498990476038709829e+00
1.896799999999999955e+03 -4.498841828859677427e+00
1.896849999999999909e+03 -4.498765496004838660e+00
1.896900000000000091e+03 -4.498654361520967981e+00
1.896950000000000045e+03 -4.498581797240322366e+00
1.897000000000000000e+03 -4.498638018214515810e+00
1.897049999999999955e+03 -4.498260160969354438e+00
1.897099999999999909e+03 -4.498175483414516229e+00
1.897150000000000091e+03 -4.498045736788710336e+00
1.897200000000000045e+03 -4.497836311737096970e+00
1.897250000000000000e+03 -4.497748327066129370e+00
1.897299999999999955e+03 -4.497422172351612346e+00
1.897349999999999909e+03 -4.497533114561290013e+00
1.897400000000000091e+03 -4.497371642693548388e+00
1.897450000000000045e+03 -4.497077578541935239e+00
1.897500000000000000e+03 -4.497066580458064955e+00
1.897549999999999955e+03 -4.496959310685483935e+00
1.897599999999999909e+03 -4.497040065846774404e+00
1.897650000000000091e+03 -4.496741540933870240e+00
1.897700000000000045e+03 -4.496584279870967649e+00
1.897750000000000000e+03 -4.496465896650000182e+00
1.897799999999999955e+03 -4.496381103730644924e+00
1.897849999999999909e+03 -4.496266719812902934e+00
1.897900000000000091e+03 -4.496173447601612416e+00
1.897950000000000045e+03 -4.496128532350000206e+00
1.898000000000000000e+03 -4.496012321827419278e+00
1.898049999999999955e+03 -4.495912377701612783e+00
1.898099999999999909e+03 -4.495972847935483685e+00
1.898150000000000091e+03 -4.495887458966128847e+00
1.898200000000000045e+03 -4.495820259135483887e+00
1.898250000000000000e+03 -4.495783919312903443e+00
1.898299999999999955e+03 -4.495749559914515636e+00
1.898349999999999909e+03 -4.495743099501612328e+00
1.898400000000000091e+03 -4.495835717980645185e+00
1.898450000000000045e+03 -4.495988172188710053e+00
1.898500000000000000e+03 -4.496055160517742344e+00
1.898549999999999955e+03 -4.495970617554839066e+00
1.898599999999999909e+03 -4.496289196666129584e+00
1.898650000000000091e+03 -4.496395447385483912e+00
1.898700000000000045e+03 -4.496350435996774308e+00
1.898750000000000000e+03 -4.496545055935484037e+00
1.898799999999999955e+03 -4.496780611050000154e+00
1.898849999999999909e+03 -4.497070868172580838e+00
1.898900000000000091e+03 -4.497201422349999866e+00
1.898950000000000045e+03 -4.497647267749999678e+00
1.899000000000000000e+03 -4.497721024130645340e+00
1.899049999999999955e+03 -4.498062330051612712e+00
1.899099999999999909e+03 -4.498362162429032196e+00
1.899150000000000091e+03 -4.498496042950000273e+00
1.899200000000000045e+03 -4.498815160429032289e+00
1.899250000000000000e+03 -4.499113935298387545e+00
1.899299999999999955e+03 -4.499318341993548742e+00
1.899349999999999909e+03 -4.499543610438710317e+00
1.899400000000000091e+03 -4.499883570440322167e+00
1.899450000000000045e+03 -4.500343355719354399e+00
1.899500000000000000e+03 -4.500272291177418893e+00
1.899549999999999955e+03 -4.500632305377418874e+00
1.899599999999999909e+03 -4.500795853806451419e+00
1.899650000000000091e+03 -4.501028601717742106e+00
1.899700000000000045e+03 -4.501292978733870243e+00
1.899750000000000000e+03 -4.501339316814515712e+00
1.899799999999999955e+03 -4.501522496438710164e+00
1.899849999999999909e+03 -4.501896450517741677e+00
1.899900000000000091e+03 -4.502268443400000208e+00
1.899950000000000045e+03 -4.502523322070968170e+00
1.900000000000000000e+03 -4.502530916901612557e+00
1.900049999999999955e+03 -4.502818789824193146e+00
1.900099999999999909e+03 -4.502973666687096532e+00
1.900150000000000091e+03 -4.503140445322580732e+00
1.900200000000000045e+03 -4.503303955296773964e+00
1.900250000000000000e+03 -4.503501882351613084e+00
1.900299999999999955e+03 -4.503492307096774283e+00
1.900349999999999909e+03 -4.503664546319354756e+00
1.900400000000000091e+03 -4.503637800979031880e+00
1.900450000000000045e+03 -4.503812866632258327e+00
1.900500000000000000e+03 -4.503872087083871101e+00
1.900549999999999955e+03 -4.504126215885484008e+00
1.900599999999999909e+03 -4.504264557167742211e+00
1.900650000000000091e+03 -4.504520570256451251e+00
1.900700000000000045e+03 -4.504725380727419015e+00
1.900750000000000000e+03 -4.504865471704838420e+00
1.900799999999999955e+03 -4.504963223904838721e+00
1.900849999999999909e+03 -4.504976394687096430e+00
1.900900000000000091e+03 -4.505066782785483781e+00
1.900950000000000045e+03 -4.505033615487096910e+00
1.901000000000000000e+03 -4.505339889050000046e+00
1.901049999999999955e+03 -4.505359847111289895e+00
1.901099999999999909e+03 -4.505489151506451684e+00
1.901150000000000091e+03 -4.505686386374192942e+00
1.901200000000000045e+03 -4.505978681603226121e+00
1.901250000000000000e+03 -4.506188183564516336e+00
1.901299999999999955e+03 -4.506396339606451029e+00
1.901349999999999909e+03 -4.506792559037096524e+00
1.901400000000000091e+03 -4.507058493474193739e+00
1.901450000000000045e+03 -4.507442849587096845e+00
1.901500000000000000e+03 -4.507472286766128988e+00
1.901549999999999955e+03 -4.507618030604838566e+00
1.901599999999999909e+03 -4.507812688998387607e+00
1.901650000000000091e+03 -4.507933244917741611e+00
1.901700000000000045e+03 -4.508236826641935480e+00
1.901750000000000000e+03 -4.508750833243548861e+00
1.901799999999999955e+03 -4.509091812298387403e+00
1.901849999999999909e+03 -4.509501779333870530e+00
1.901900000000000091e+03 -4.510157222832257951e+00
1.901950000000000045e+03 -4.511000575899999809e+00
1.902000000000000000e+03 -4.511564400745161407e+00
1.902049999999999955e+03 -4.511997882914515756e+00
1.902099999999999909e+03 -4.512261740790322939e+00
1.902150000000000091e+03 -4.512251204164516416e+00
1.902200000000000045e+03 -4.512051277458065002e+00
1.902250000000000000e+03 -4.511720181296773546e+00
1.902299999999999955e+03 -4.511396891467741810e+00
1.902349999999999909e+03 -4.510852543998387532e+00
1.902400000000000091e+03 -4.510620142180645331e+00
1.902450000000000045e+03 -4.510308715669354207e+00
1.902500000000000000e+03 -4.510367128569354733e+00
1.902549999999999955e+03 -4.510415485529032154e+00
1.902599999999999909e+03 -4.510686707506451398e+00
1.902650000000000091e+03 -4.510930703458064350e+00
1.902700000000000045e+03 -4.511157836962903289e+00
1.902750000000000000e+03 -4.511609796682257922e+00
1.902799999999999955e+03 -4.511874885112903577e+00
1.902849999999999909e+03 -4.511971906670967591e+00
1.902900000000000091e+03 -4.512024782074193219e+00
1.902950000000000045e+03 -4.511934451658064837e+00
1.903000000000000000e+03 -4.511560536033870861e+00
1.903049999999999955e+03 -4.511091137045161403e+00
1.903099999999999909e+03 -4.510391451254838202e+00
1.903150000000000091e+03 -4.509205138708064275e+00
1.903200000000000045e+03 -4.507700881554838723e+00
1.903250000000000000e+03 -4.506005061622580854e+00
1.903299999999999955e+03 -4.503555353804838290e+00
1.903349999999999909e+03 -4.500529323319354624e+00
1.903400000000000091e+03 -4.496657940114515917e+00
1.903450000000000045e+03 -4.491249113230645129e+00
1.903500000000000000e+03 -4.484943058049999820e+00
1.903549999999999955e+03 -4.476956064959677128e+00
1.903599999999999909e+03 -4.467663972325806476e+00
1.903650000000000091e+03 -4.457572365140322290e+00
1.903700000000000045e+03 -4.447722561980644862e+00
1.903750000000000000e+03 -4.440482496449999594e+00
1.903799999999999955e+03 -4.438758123799999566e+00
1.903849999999999909e+03 -4.446334207711290176e+00
1.903900000000000091e+03 -4.467504711611289814e+00
1.903950000000000045e+03 -4.505163439022580540e+00
1.904000000000000000e+03 -4.560165164099999835e+00
1.904049999999999955e+03 -4.628976944674193739e+00
1.904099999999999909e+03 -4.703343065241935683e+00
1.904150000000000091e+03 -4.771676679124193576e+00
1.904200000000000045e+03 -4.819726673051612842e+00
1.904250000000000000e+03 -4.835830271266129188e+00
1.904299999999999955e+03 -4.814329132662903632e+00
1.904349999999999909e+03 -4.757304279293548710e+00
1.904400000000000091e+03 -4.674724878137096695e+00
1.904450000000000045e+03 -4.581328015487097005e+00
1.904500000000000000e+03 -4.492327367680645445e+00
1.904549999999999955e+03 -4.419626380083871098e+00
1.904599999999999909e+03 -4.370135925580645342e+00
1.904650000000000091e+03 -4.345472895546773628e+00
1.904700000000000045e+03 -4.342438539588710178e+00
1.904750000000000000e+03 -4.355879332496773948e+00
1.904799999999999955e+03 -4.379373643072580258e+00
1.904849999999999909e+03 -4.407146054454838868e+00
1.904900000000000091e+03 -4.435351082772580611e+00
1.904950000000000045e+03 -4.461750637185484258e+00
1.905000000000000000e+03 -4.484390423562903294e+00
1.905049999999999955e+03 -4.501261541903225805e+00
1.905099999999999909e+03 -4.510702685491935426e+00
1.905150000000000091e+03 -4.512013284077418973e+00
1.905200000000000045e+03 -4.506404607396773621e+00
1.905250000000000000e+03 -4.496505908909677274e+00
1.905299999999999955e+03 -4.486270499854838611e+00
1.905349999999999909e+03 -4.480173369812903594e+00
1.905400000000000091e+03 -4.480550688690322580e+00
1.905450000000000045e+03 -4.488707882896774137e+00
1.905500000000000000e+03 -4.503551277591935076e+00
1.905549999999999955e+03 -4.521859434027419411e+00
1.905599999999999909e+03 -4.540067530972580201e+00
1.905650000000000091e+03 -4.552694234945160900e+00
1.905700000000000045e+03 -4.555985430770967959e+00
1.905750000000000000e+03 -4.547060639529031612e+00
1.905799999999999955e+03 -4.526550520574192937e+00
1.905849999999999909e+03 -4.498047274982257981e+00
1.905900000000000091e+03 -4.468407861953226146e+00
1.905950000000000045e+03 -4.444630600674193133e+00
1.906000000000000000e+03 -4.433204302946774256e+00
1.906049999999999955e+03 -4.438287225072580888e+00
1.906099999999999909e+03 -4.460040838919354655e+00
1.906150000000000091e+03 -4.495235168764516231e+00
1.906200000000000045e+03 -4.537771969375806513e+00
1.906250000000000000e+03 -4.579259087482258295e+00
1.906299999999999955e+03 -4.610993289395160843e+00
1.906349999999999909e+03 -4.627597031241934999e+00
1.906400000000000091e+03 -4.627643042456451639e+00
1.906450000000000045e+03 -4.614176580943548878e+00
1.906500000000000000e+03 -4.593471572866128838e+00
1.906549999999999955e+03 -4.571507053456451253e+00
1.906599999999999909e+03 -4.552515746811289787e+00
1.906650000000000091e+03 -4.538488190746774009e+00
1.906700000000000045e+03 -4.529374932340322957e+00
1.906750000000000000e+03 -4.524370784951612379e+00
1.906799999999999955e+03 -4.522632010964516169e+00
1.906849999999999909e+03 -4.523056975387096834e+00
1.906900000000000091e+03 -4.525089486659677362e+00
1.906950000000000045e+03 -4.528447613132257743e+00
1.907000000000000000e+03 -4.532169849245160975e+00
1.907049999999999955e+03 -4.536232218406451189e+00
1.907099999999999909e+03 -4.539857163777419657e+00
1.907150000000000091e+03 -4.542718376824192994e+00
1.907200000000000045e+03 -4.544444383804838949e+00
1.907250000000000000e+03 -4.546213614024193106e+00
1.907299999999999955e+03 -4.548562435572580220e+00
1.907349999999999909e+03 -4.551590581074193231e+00
1.907400000000000091e+03 -4.554517571122580932e+00
1.907450000000000045e+03 -4.555189165653225736e+00
1.907500000000000000e+03 -4.552302437820967995e+00
1.907549999999999955e+03 -4.545044625382257841e+00
1.907599999999999909e+03 -4.533649033843548892e+00
1.907650000000000091e+03 -4.519479502514515801e+00
1.907700000000000045e+03 -4.504670640264516024e+00
1.907750000000000000e+03 -4.491323927119355019e+00
1.907799999999999955e+03 -4.482264005574193355e+00
1.907849999999999909e+03 -4.479866231016129241e+00
1.907900000000000091e+03 -4.486287612258064605e+00
1.907950000000000045e+03 -4.501424475054838226e+00
1.908000000000000000e+03 -4.523316276364515609e+00
1.908049999999999955e+03 -4.547818122941935215e+00
1.908099999999999909e+03 -4.569091858856451083e+00
1.908150000000000091e+03 -4.582272197141935344e+00
1.908200000000000045e+03 -4.584347912425806193e+00
1.908250000000000000e+03 -4.575001425422581036e+00
1.908299999999999955e+03 -4.556579192708064774e+00
1.908349999999999909e+03 -4.534030794254838348e+00
1.908400000000000091e+03 -4.513605660493548832e+00
1.908450000000000045e+03 -4.499903778458064885e+00
1.908500000000000000e+03 -4.496026357843548205e+00
1.908549999999999955e+03 -4.501786604270967551e+00
1.908599999999999909e+03 -4.514327073267741852e+00
1.908650000000000091e+03 -4.530137837885483520e+00
1.908700000000000045e+03 -4.544918954969354274e+00
1.908750000000000000e+03 -4.556686981620967636e+00
1.908799999999999955e+03 -4.563705316551613045e+00
1.908849999999999909e+03 -4.566407384248387658e+00
1.908900000000000091e+03 -4.565406443251612600e+00
1.908950000000000045e+03 -4.561106807735483493e+00
1.909000000000000000e+03 -4.553717614340322406e+00
1.909049999999999955e+03 -4.544074371346773944e+00
1.909099999999999909e+03 -4.532900741137096290e+00
1.909150000000000091e+03 -4.522393898603225715e+00
1.909200000000000045e+03 -4.513969385585483884e+00
1.909250000000000000e+03 -4.510132977056451331e+00
1.909299999999999955e+03 -4.511984173764515660e+00
1.909349999999999909e+03 -4.518211492662903339e+00
1.909400000000000091e+03 -4.526135477499999560e+00
1.909450000000000045e+03 -4.532469508575806216e+00
1.909500000000000000e+03 -4.534944654269354558e+00
1.909549999999999955e+03 -4.533793239488709936e+00
1.909599999999999909e+03 -4.530804144875806294e+00
1.909650000000000091e+03 -4.528442056408064964e+00
1.909700000000000045e+03 -4.527517525175806412e+00
1.909750000000000000e+03 -4.527430559558064616e+00
1.909799999999999955e+03 -4.527447479687096710e+00
1.909849999999999909e+03 -4.526255495051612954e+00
1.909900000000000091e+03 -4.524610377824193286e+00
1.909950000000000045e+03 -4.524043284317741609e+00
1.910000000000000000e+03 -4.526128247990322429e+00
1.910049999999999955e+03 -4.531497081841934893e+00
1.910099999999999909e+03 -4.539565003140322297e+00
1.910150000000000091e+03 -4.548511136817741551e+00
1.910200000000000045e+03 -4.555778928287097074e+00
1.910250000000000000e+03 -4.559368206795161527e+00
1.910299999999999955e+03 -4.558159436622580607e+00
1.910349999999999909e+03 -4.552677064859677714e+00
1.910400000000000091e+03 -4.543821896103225733e+00
1.910450000000000045e+03 -4.533800738182257817e+00
1.910500000000000000e+03 -4.524462538196774020e+00
1.910549999999999955e+03 -4.517043407709677716e+00
1.910599999999999909e+03 -4.513053410554838329e+00
1.910650000000000091e+03 -4.512648596467742301e+00
1.910700000000000045e+03 -4.515840405762903131e+00
1.910750000000000000e+03 -4.522115466343548995e+00
1.910799999999999955e+03 -4.530678647509676971e+00
1.910849999999999909e+03 -4.539539584491935287e+00
1.910900000000000091e+03 -4.546863212387096453e+00
1.910950000000000045e+03 -4.550249526256451738e+00
1.911000000000000000e+03 -4.549171156441935260e+00
1.911049999999999955e+03 -4.544360956032257981e+00
1.911099999999999909e+03 -4.538271190091935026e+00
1.911150000000000091e+03 -4.533646245867742230e+00
1.911200000000000045e+03 -4.531197864741935533e+00
1.911250000000000000e+03 -4.530108419933871033e+00
1.911299999999999955e+03 -4.529318845958064443e+00
1.911349999999999909e+03 -4.527725719672580418e+00
1.911400000000000091e+03 -4.525371860540322366e+00
1.911450000000000045e+03 -4.523094449627419245e+00
1.911500000000000000e+03 -4.521811634662903145e+00
1.911549999999999955e+03 -4.522212161035484179e+00
1.911599999999999909e+03 -4.524473786237096284e+00
1.911650000000000091e+03 -4.528169161645161367e+00
1.911700000000000045e+03 -4.533603349495161083e+00
1.911750000000000000e+03 -4.539052880825806824e+00
1.911799999999999955e+03 -4.543989366925806905e+00
1.911849999999999909e+03 -4.546962464325806863e+00
1.911900000000000091e+03 -4.547513445254838693e+00
1.911950000000000045e+03 -4.545266605938709681e+00
1.912000000000000000e+03 -4.540816765822580869e+00
1.912049999999999955e+03 -4.535384539169355023e+00
1.912099999999999909e+03 -4.530706373448387225e+00
1.912150000000000091e+03 -4.528281834322580579e+00
1.912200000000000045e+03 -4.528677284656451363e+00
1.912250000000000000e+03 -4.531242587719354731e+00
1.912299999999999955e+03 -4.535200417401612505e+00
1.912349999999999909e+03 -4.538950052587096273e+00
1.912400000000000091e+03 -4.541028575074193441e+00
1.912450000000000045e+03 -4.540371920248387205e+00
1.912500000000000000e+03 -4.537346966498387424e+00
1.912549999999999955e+03 -4.532341665464516112e+00
1.912599999999999909e+03 -4.526789498169354609e+00
1.912650000000000091e+03 -4.522589979825806239e+00
1.912700000000000045e+03 -4.521091433216128941e+00
1.912750000000000000e+03 -4.523326236167742209e+00
1.912799999999999955e+03 -4.528152433790322284e+00
1.912849999999999909e+03 -4.534598887587097060e+00
1.912900000000000091e+03 -4.540494648866129523e+00
1.912950000000000045e+03 -4.544384240437096878e+00
1.913000000000000000e+03 -4.545833103395160890e+00
1.913049999999999955e+03 -4.544634908303225806e+00
1.913099999999999909e+03 -4.541716109135483848e+00
1.913150000000000091e+03 -4.537989931401612331e+00
1.913200000000000045e+03 -4.533763533125806156e+00
1.913250000000000000e+03 -4.528983635129032237e+00
1.913299999999999955e+03 -4.523386571809677292e+00
1.913349999999999909e+03 -4.516163214906451451e+00
1.913400000000000091e+03 -4.508463325641935526e+00
1.913450000000000045e+03 -4.502133639962902834e+00
1.913500000000000000e+03 -4.500606694454838852e+00
1.913549999999999955e+03 -4.505775428553225659e+00
1.913599999999999909e+03 -4.517855535448386917e+00
1.913650000000000091e+03 -4.534256466475806491e+00
1.913700000000000045e+03 -4.551224298735483842e+00
1.913750000000000000e+03 -4.564112860932257654e+00
1.913799999999999955e+03 -4.570175227800000073e+00
1.913849999999999909e+03 -4.568770376404838629e+00
1.913900000000000091e+03 -4.561294755759677244e+00
1.913950000000000045e+03 -4.550856728159677012e+00
1.914000000000000000e+03 -4.541127365554838313e+00
1.914049999999999955e+03 -4.534119028882257929e+00
1.914099999999999909e+03 -4.530252587124193653e+00
1.914150000000000091e+03 -4.528714355120968094e+00
1.914200000000000045e+03 -4.527801764116129668e+00
1.914250000000000000e+03 -4.526533081304839001e+00
1.914299999999999955e+03 -4.524955471546774355e+00
1.914349999999999909e+03 -4.524388012719354535e+00
1.914400000000000091e+03 -4.525326541512903589e+00
1.914450000000000045e+03 -4.528556632599999965e+00
1.914500000000000000e+03 -4.532751555590322390e+00
1.914549999999999955e+03 -4.536429357137096829e+00
1.914599999999999909e+03 -4.537987681793548944e+00
1.914650000000000091e+03 -4.537192262682258281e+00
1.914700000000000045e+03 -4.535177479090322983e+00
1.914750000000000000e+03 -4.533015048145161430e+00
1.914799999999999955e+03 -4.531859134148387369e+00
1.914849999999999909e+03 -4.531285157225806159e+00
1.914900000000000091e+03 -4.531014069840322733e+00
1.914950000000000045e+03 -4.529993363056451727e+00
1.915000000000000000e+03 -4.528622505738709947e+00
1.915049999999999955e+03 -4.527016939312903610e+00
1.915099999999999909e+03 -4.525929571066129142e+00
1.915150000000000091e+03 -4.525722645579032033e+00
1.915200000000000045e+03 -4.526059567648387016e+00
1.915250000000000000e+03 -4.526593609220967984e+00
1.915299999999999955e+03 -4.526755061861289953e+00
1.915349999999999909e+03 -4.526441462651612291e+00
1.915400000000000091e+03 -4.526283797812903131e+00
1.915450000000000045e+03 -4.526637755375806371e+00
1.915500000000000000e+03 -4.528200675385483542e+00
1.915549999999999955e+03 -4.530692587388710280e+00
1.915599999999999909e+03 -4.534403517779032278e+00
1.915650000000000091e+03 -4.538954994033870705e+00
1.915700000000000045e+03 -4.544212693401612491e+00
1.915750000000000000e+03 -4.549590121909677265e+00
1.915799999999999955e+03 -4.554208682630645377e+00
1.915849999999999909e+03 -4.557203391649999880e+00
1.915900000000000091e+03 -4.557602245237096561e+00
1.915950000000000045e+03 -4.554952610712903471e+00
1.916000000000000000e+03 -4.549850922625806149e+00
1.916049999999999955e+03 -4.542687709090322379e+00
1.916099999999999909e+03 -4.534075786416129183e+00
1.916150000000000091e+03 -4.524839030295161102e+00
1.916200000000000045e+03 -4.516014298543548300e+00
1.916250000000000000e+03 -4.509034553043548499e+00
1.916299999999999955e+03 -4.505309029041935531e+00
1.916349999999999909e+03 -4.506207372529032362e+00
1.916400000000000091e+03 -4.511795014412903093e+00
1.916450000000000045e+03 -4.521898831009677266e+00
1.916500000000000000e+03 -4.535468428399999752e+00
1.916549999999999955e+03 -4.549896433927419714e+00
1.916599999999999909e+03 -4.563003765701612480e+00
1.916650000000000091e+03 -4.571551180383870872e+00
1.916700000000000045e+03 -4.573696652745161018e+00
1.916750000000000000e+03 -4.569239121661290426e+00
1.916799999999999955e+03 -4.559075142469354525e+00
1.916849999999999909e+03 -4.545264414012903487e+00
1.916900000000000091e+03 -4.530027933956451314e+00
1.916950000000000045e+03 -4.516520614177419013e+00
1.917000000000000000e+03 -4.506867815156451407e+00
1.917049999999999955e+03 -4.502990183040322947e+00
1.917099999999999909e+03 -4.505255461451612931e+00
1.917150000000000091e+03 -4.512516138775806596e+00
1.917200000000000045e+03 -4.522951570674193178e+00
1.917250000000000000e+03 -4.534262311611289675e+00
1.917299999999999955e+03 -4.544661826690322926e+00
1.917349999999999909e+03 -4.552108240885483603e+00
1.917400000000000091e+03 -4.555888043891934913e+00
1.917450000000000045e+03 -4.555726110566129528e+00
1.917500000000000000e+03 -4.552794429027419376e+00
1.917549999999999955e+03 -4.547939582549999749e+00
1.917599999999999909e+03 -4.542522795514515543e+00
1.917650000000000091e+03 -4.537947919490322946e+00
1.917700000000000045e+03 -4.534932656359677239e+00
1.917750000000000000e+03 -4.533829233217741894e+00
1.917799999999999955e+03 -4.534534744916129512e+00
1.917849999999999909e+03 -4.535629900267742265e+00
1.917900000000000091e+03 -4.535837267985484367e+00
1.917950000000000045e+03 -4.534255485877419112e+00
1.918000000000000000e+03 -4.531090056601613014e+00
1.918049999999999955e+03 -4.527244861141935139e+00
1.918099999999999909e+03 -4.524895597362903032e+00
1.918150000000000091e+03 -4.525225905200000120e+00
1.918200000000000045e+03 -4.528906802361290396e+00
1.918250000000000000e+03 -4.535132583066129541e+00
1.918299999999999955e+03 -4.542360535322580439e+00
1.918349999999999909e+03 -4.549042025093548602e+00
1.918400000000000091e+03 -4.553098010751612357e+00
1.918450000000000045e+03 -4.553821653906451772e+00
1.918500000000000000e+03 -4.550406056677418931e+00
1.918549999999999955e+03 -4.543014613674193569e+00
1.918599999999999909e+03 -4.533123759974193590e+00
1.918650000000000091e+03 -4.522191549241934894e+00
1.918700000000000045e+03 -4.511946545704838663e+00
1.918750000000000000e+03 -4.504908271940322173e+00
1.918799999999999955e+03 -4.502718614969354327e+00
1.918849999999999909e+03 -4.506347790372580597e+00
1.918900000000000091e+03 -4.514883457101612763e+00
1.918950000000000045e+03 -4.525717377266129660e+00
1.919000000000000000e+03 -4.535596502240322181e+00
1.919049999999999955e+03 -4.541645698325806890e+00
1.919099999999999909e+03 -4.542703014116129090e+00
1.919150000000000091e+03 -4.541183817258064970e+00
1.919200000000000045e+03 -4.539779946461290017e+00
1.919250000000000000e+03 -4.540690191720967661e+00
1.919299999999999955e+03 -4.544892305766128793e+00
1.919349999999999909e+03 -4.551261542246773928e+00
1.919400000000000091e+03 -4.556659332591935119e+00
1.919450000000000045e+03 -4.558156264098387034e+00
1.919500000000000000e+03 -4.554537702230645024e+00
1.919549999999999955e+03 -4.546004131290322547e+00
1.919599999999999909e+03 -4.534988281283871103e+00
1.919650000000000091e+03 -4.524471594311290090e+00
1.919700000000000045e+03 -4.516062232500000384e+00
1.919750000000000000e+03 -4.510858523725806535e+00
1.919799999999999955e+03 -4.509136227637096539e+00
1.919849999999999909e+03 -4.510639369599999782e+00
1.919900000000000091e+03 -4.516026988640322593e+00
1.919950000000000045e+03 -4.524240634549999918e+00
1.920000000000000000e+03 -4.534452778427419339e+00
1.920049999999999955e+03 -4.545111017661289665e+00
1.920099999999999909e+03 -4.553579984472580833e+00
1.920150000000000091e+03 -4.558511106122580259e+00
1.920200000000000045e+03 -4.558310237272580778e+00
1.920250000000000000e+03 -4.553661220319354719e+00
1.920299999999999955e+03 -4.545097212374193063e+00
1.920349999999999909e+03 -4.533444531011290302e+00
1.920400000000000091e+03 -4.520804040979031768e+00
1.920450000000000045e+03 -4.509201043267742293e+00
1.920500000000000000e+03 -4.500968439122580378e+00
1.920549999999999955e+03 -4.497979844422580697e+00
1.920599999999999909e+03 -4.501143331729031694e+00
1.920650000000000091e+03 -4.509199062843548766e+00
1.920700000000000045e+03 -4.519994989627419635e+00
1.920750000000000000e+03 -4.530404676011290377e+00
1.920799999999999955e+03 -4.539118811646773999e+00
1.920849999999999909e+03 -4.545633561237096387e+00
1.920900000000000091e+03 -4.550221377314516147e+00
1.920950000000000045e+03 -4.553996354238710076e+00
1.921000000000000000e+03 -4.557455193933870774e+00
1.921049999999999955e+03 -4.558832319390322851e+00
1.921099999999999909e+03 -4.557278070946773951e+00
1.921150000000000091e+03 -4.551179383483870744e+00
1.921200000000000045e+03 -4.540936033504838321e+00
1.921250000000000000e+03 -4.528069063700000285e+00
1.921299999999999955e+03 -4.515576240248387663e+00
1.921349999999999909e+03 -4.506576462070968070e+00
1.921400000000000091e+03 -4.503197608440322242e+00
1.921450000000000045e+03 -4.505398455769354271e+00
1.921500000000000000e+03 -4.512186273169354500e+00
1.921549999999999955e+03 -4.521693905174193340e+00
1.921599999999999909e+03 -4.531309210727418879e+00
1.921650000000000091e+03 -4.538796925419354977e+00
1.921700000000000045e+03 -4.543062720677419009e+00
1.921750000000000000e+03 -4.543692937801612430e+00
1.921799999999999955e+03 -4.541218138201612575e+00
1.921849999999999909e+03 -4.537607459575806246e+00
1.921900000000000091e+03 -4.533923178388709729e+00
1.921950000000000045e+03 -4.531981535899999969e+00
1.922000000000000000e+03 -4.531693836024193622e+00
1.922049999999999955e+03 -4.532458895040322844e+00
1.922099999999999909e+03 -4.533900259304838976e+00
1.922150000000000091e+03 -4.534437011943548868e+00
1.922200000000000045e+03 -4.533314899749999682e+00
1.922250000000000000e+03 -4.530251798800000174e+00
1.922299999999999955e+03 -4.525418390895160847e+00
1.922349999999999909e+03 -4.519988529214516326e+00
1.922400000000000091e+03 -4.515188173243548597e+00
1.922450000000000045e+03 -4.512605142499999999e+00
1.922500000000000000e+03 -4.512972366982258343e+00
1.922549999999999955e+03 -4.516306862956451340e+00
1.922599999999999909e+03 -4.521705576217741829e+00
1.922650000000000091e+03 -4.527746254556451078e+00
1.922700000000000045e+03 -4.533722521040322917e+00
1.922750000000000000e+03 -4.538169976956451634e+00
1.922799999999999955e+03 -4.541096928550000023e+00
1.922849999999999909e+03 -4.541919958235483890e+00
1.922900000000000091e+03 -4.540382130008064898e+00
1.922950000000000045e+03 -4.537112103570968280e+00
1.923000000000000000e+03 -4.533143468079032345e+00
1.923049999999999955e+03 -4.529116381232258348e+00
1.923099999999999909e+03 -4.525865889853226243e+00
1.923150000000000091e+03 -4.524119059577419222e+00
1.923200000000000045e+03 -4.523615916467742082e+00
1.923250000000000000e+03 -4.523968258927419051e+00
1.923299999999999955e+03 -4.524898904479032424e+00
1.923349999999999909e+03 -4.525963469006451412e+00
1.923400000000000091e+03 -4.527279201312903290e+00
1.923450000000000045e+03 -4.529051219508064996e+00
1.923500000000000000e+03 -4.531174176561290068e+00
1.923549999999999955e+03 -4.534048598845161315e+00
1.923599999999999909e+03 -4.536684851085484027e+00
1.923650000000000091e+03 -4.538698442577419279e+00
1.923700000000000045e+03 -4.538783658499999873e+00
1.923750000000000000e+03 -4.536917291358064652e+00
1.923799999999999955e+03 -4.533557492099999919e+00
1.923849999999999909e+03 -4.528933336199999715e+00
1.923900000000000091e+03 -4.524178356938709733e+00
1.923950000000000045e+03 -4.519923886630644816e+00
1.924000000000000000e+03 -4.517266080453225641e+00
1.924049999999999955e+03 -4.516149967214516003e+00
1.924099999999999909e+03 -4.517127354622580526e+00
1.924150000000000091e+03 -4.519095338675806595e+00
1.924200000000000045e+03 -4.521746222982257812e+00
1.924250000000000000e+03 -4.524719589566129407e+00
1.924299999999999955e+03 -4.527429828916129217e+00
1.924349999999999909e+03 -4.529983710891935189e+00
1.924400000000000091e+03 -4.532004974124193453e+00
1.924450000000000045e+03 -4.534006606161289810e+00
1.924500000000000000e+03 -4.535338220316129210e+00
1.924549999999999955e+03 -4.536452641541935726e+00
1.924599999999999909e+03 -4.537127504733870609e+00
1.924650000000000091e+03 -4.537370731588709738e+00
1.924700000000000045e+03 -4.537429048351612870e+00
1.924750000000000000e+03 -4.536889526964515973e+00
1.924799999999999955e+03 -4.535547260819354776e+00
1.924849999999999909e+03 -4.533050157412903403e+00
1.924900000000000091e+03 -4.530305635574193523e+00
1.924950000000000045e+03 -4.527840007453225901e+00
1.925000000000000000e+03 -4.527261242903225735e+00
1.925049999999999955e+03 -4.529047335569354793e+00
1.925099999999999909e+03 -4.532510789845161092e+00
1.925150000000000091e+03 -4.536569409659676921e+00
1.925200000000000045e+03 -4.539728897662903329e+00
1.925250000000000000e+03 -4.540434697772580463e+00
1.925299999999999955e+03 -4.538231850791935251e+00
1.925349999999999909e+03 -4.533287577587096884e+00
1.925400000000000091e+03 -4.526487166227418868e+00
1.925450000000000045e+03 -4.519343583887097004e+00
1.925500000000000000e+03 -4.513138664932258237e+00
1.925549999999999955e+03 -4.508821936240322792e+00
1.925599999999999909e+03 -4.507269399037096669e+00
1.925650000000000091e+03 -4.508262572156451320e+00
1.925700000000000045e+03 -4.512167314933870799e+00
1.925750000000000000e+03 -4.518304130369354965e+00
1.925799999999999955e+03 -4.525765868817742010e+00
1.925849999999999909e+03 -4.532801719927419093e+00
1.925900000000000091e+03 -4.537728073177419219e+00
1.925950000000000045e+03 -4.539266382090322516e+00
1.926000000000000000e+03 -4.537183821845161447e+00
1.926049999999999955e+03 -4.531965615596774022e+00
1.926099999999999909e+03 -4.525603204850000338e+00
1.926150000000000091e+03 -4.519562122735483634e+00
1.926200000000000045e+03 -4.515688682196773662e+00
1.926250000000000000e+03 -4.514215900329031861e+00
1.926299999999999955e+03 -4.515384735151612539e+00
1.926349999999999909e+03 -4.518447893783871017e+00
1.926400000000000091e+03 -4.522431815074193118e+00
1.926450000000000045e+03 -4.526521294896774350e+00
1.926500000000000000e+03 -4.529636502153225663e+00
1.926549999999999955e+03 -4.530609351890322323e+00
1.926599999999999909e+03 -4.529566956577419035e+00
1.926650000000000091e+03 -4.526909746450000327e+00
1.926700000000000045e+03 -4.523140076293548972e+00
1.926750000000000000e+03 -4.519541107166129557e+00
1.926799999999999955e+03 -4.517256947429031833e+00
1.926849999999999909e+03 -4.516730904462903595e+00
1.926900000000000091e+03 -4.518248793856451506e+00
1.926950000000000045e+03 -4.521250617020967866e+00
1.927000000000000000e+03 -4.525082103330645644e+00
1.927049999999999955e+03 -4.529009284506451571e+00
1.927099999999999909e+03 -4.532151179420967679e+00
1.927150000000000091e+03 -4.533836231998387589e+00
1.927200000000000045e+03 -4.534147158596773863e+00
1.927250000000000000e+03 -4.532518288538709861e+00
1.927299999999999955e+03 -4.529612352514515550e+00
1.927349999999999909e+03 -4.525570864330645371e+00
1.927400000000000091e+03 -4.521734359664516312e+00
1.927450000000000045e+03 -4.518560720280644816e+00
1.927500000000000000e+03 -4.517001588072580454e+00
1.927549999999999955e+03 -4.517150216024193199e+00
1.927599999999999909e+03 -4.519179054859677080e+00
1.927650000000000091e+03 -4.522359289248386816e+00
1.927700000000000045e+03 -4.526471342061290315e+00
1.927750000000000000e+03 -4.530416962332258102e+00
1.927799999999999955e+03 -4.533611578830645250e+00
1.927849999999999909e+03 -4.535403478177419068e+00
1.927900000000000091e+03 -4.535240871891935477e+00
1.927950000000000045e+03 -4.533149620853225592e+00
1.928000000000000000e+03 -4.529713373375806817e+00
1.928049999999999955e+03 -4.526319695404838583e+00
1.928099999999999909e+03 -4.523781310729032334e+00
1.928150000000000091e+03 -4.522382592880645369e+00
1.928200000000000045e+03 -4.522217640850000109e+00
1.928250000000000000e+03 -4.523024923279032272e+00
1.928299999999999955e+03 -4.524282358049999786e+00
1.928349999999999909e+03 -4.525908824680644926e+00
1.928400000000000091e+03 -4.527795303703226359e+00
1.928450000000000045e+03 -4.529857079108064788e+00
1.928500000000000000e+03 -4.532010896169354375e+00
1.928549999999999955e+03 -4.533662550719355089e+00
1.928599999999999909e+03 -4.534957728914515762e+00
1.928650000000000091e+03 -4.535730767309677169e+00
1.928700000000000045e+03 -4.536044847204838248e+00
1.928750000000000000e+03 -4.536437644154838189e+00
1.928799999999999955e+03 -4.536729439470968295e+00
1.928849999999999909e+03 -4.537201261114516271e+00
1.928900000000000091e+03 -4.537227371950000254e+00
1.928950000000000045e+03 -4.537083397033870646e+00
1.929000000000000000e+03 -4.536111335620967466e+00
1.929049999999999955e+03 -4.533642188882257784e+00
1.929099999999999909e+03 -4.529764691358064255e+00
1.929150000000000091e+03 -4.524830224137097012e+00
1.929200000000000045e+03 -4.520428914027418976e+00
1.929250000000000000e+03 -4.517735979354839060e+00
1.929299999999999955e+03 -4.518482176272580197e+00
1.929349999999999909e+03 -4.522630165132257574e+00
1.929400000000000091e+03 -4.529448227262903082e+00
1.929450000000000045e+03 -4.537017523895161553e+00
1.929500000000000000e+03 -4.543272664869354216e+00
1.929549999999999955e+03 -4.546089962490322378e+00
1.929599999999999909e+03 -4.544786074274193233e+00
1.929650000000000091e+03 -4.539911154370967594e+00
1.929700000000000045e+03 -4.533159003833870493e+00
1.929750000000000000e+03 -4.526355419949999792e+00
1.929799999999999955e+03 -4.521926057035483559e+00
1.929849999999999909e+03 -4.521189320008064172e+00
1.929900000000000091e+03 -4.524502358182258099e+00
1.929950000000000045e+03 -4.530425383941935280e+00
1.930000000000000000e+03 -4.537543028493548292e+00
1.930049999999999955e+03 -4.544111518720967524e+00
1.930099999999999909e+03 -4.548551745127419110e+00
1.930150000000000091e+03 -4.550119914222580775e+00
1.930200000000000045e+03 -4.549150563875806519e+00
1.930250000000000000e+03 -4.546341245633870543e+00
1.930299999999999955e+03 -4.543091407987096986e+00
1.930349999999999909e+03 -4.540164667895161266e+00
1.930400000000000091e+03 -4.538009005001613083e+00
1.930450000000000045e+03 -4.536568909746773848e+00
1.930500000000000000e+03 -4.535703618193548614e+00
1.930549999999999955e+03 -4.534851708924193758e+00
1.930599999999999909e+03 -4.533435878672580799e+00
1.930650000000000091e+03 -4.531987919403225540e+00
1.930700000000000045e+03 -4.530695490729032215e+00
1.930750000000000000e+03 -4.529799108438710142e+00
1.930799999999999955e+03 -4.529581377141934873e+00
1.930849999999999909e+03 -4.530417962158064249e+00
1.930900000000000091e+03 -4.531722138785483800e+00
1.930950000000000045e+03 -4.532975747300000080e+00
1.931000000000000000e+03 -4.533662762220967757e+00
1.931049999999999955e+03 -4.533777396095160839e+00
1.931099999999999909e+03 -4.533500328982257521e+00
1.931150000000000091e+03 -4.533533880829032192e+00
1.931200000000000045e+03 -4.534541013054838920e+00
1.931250000000000000e+03 -4.536649607225806236e+00
1.931299999999999955e+03 -4.539218102040322833e+00
1.931349999999999909e+03 -4.541469844348386964e+00
1.931400000000000091e+03 -4.543025784804838985e+00
1.931450000000000045e+03 -4.542412507037096425e+00
1.931500000000000000e+03 -4.540083662777419704e+00
1.931549999999999955e+03 -4.536349659483870589e+00
1.931599999999999909e+03 -4.532011396082258337e+00
1.931650000000000091e+03 -4.528411407901612229e+00
1.931700000000000045e+03 -4.526488512146774390e+00
1.931750000000000000e+03 -4.526701705772580908e+00
1.931799999999999955e+03 -4.528298485267741924e+00
1.931849999999999909e+03 -4.531198710748387093e+00
1.931900000000000091e+03 -4.534355045454838695e+00
1.931950000000000045e+03 -4.537150269998387664e+00
1.932000000000000000e+03 -4.539638125016129067e+00
1.932049999999999955e+03 -4.541578690769354942e+00
1.932099999999999909e+03 -4.543009306906450995e+00
1.932150000000000091e+03 -4.544185371238709692e+00
1.932200000000000045e+03 -4.544376895562903584e+00
1.932250000000000000e+03 -4.543603684120967934e+00
1.932299999999999955e+03 -4.541571980399999653e+00
1.932349999999999909e+03 -4.538296627967741692e+00
1.932400000000000091e+03 -4.534221780211289854e+00
1.932450000000000045e+03 -4.530351050738709695e+00
1.932500000000000000e+03 -4.527009017616129505e+00
1.932549999999999955e+03 -4.525213984199999651e+00
1.932599999999999909e+03 -4.525212099912903518e+00
1.932650000000000091e+03 -4.527121190380645643e+00
1.932700000000000045e+03 -4.530418558208064717e+00
1.932750000000000000e+03 -4.534490329577419487e+00
1.932799999999999955e+03 -4.537899427938709707e+00
1.932849999999999909e+03 -4.540171128308064574e+00
1.932900000000000091e+03 -4.541163013190322673e+00
1.932950000000000045e+03 -4.540347789837096748e+00
1.933000000000000000e+03 -4.538533182908064845e+00
1.933049999999999955e+03 -4.536149713549999518e+00
1.933099999999999909e+03 -4.534257581666128800e+00
1.933150000000000091e+03 -4.532779646849999899e+00
1.933200000000000045e+03 -4.532224301296773561e+00
1.933250000000000000e+03 -4.531955405837096329e+00
1.933299999999999955e+03 -4.531495255237096842e+00
1.933349999999999909e+03 -4.530588547822580914e+00
1.933400000000000091e+03 -4.529398947387096364e+00
1.933450000000000045e+03 -4.527987097211290113e+00
1.933500000000000000e+03 -4.527333730274193613e+00
1.933549999999999955e+03 -4.527977272000000220e+00
1.933599999999999909e+03 -4.529681551996773692e+00
1.933650000000000091e+03 -4.531916143446774292e+00
1.933700000000000045e+03 -4.534293286983870352e+00
1.933750000000000000e+03 -4.536824442150000358e+00
1.933799999999999955e+03 -4.538853146393548421e+00
1.933849999999999909e+03 -4.540724628029032317e+00
1.933900000000000091e+03 -4.541742700656451248e+00
1.933950000000000045e+03 -4.541722319591935175e+00
1.934000000000000000e+03 -4.540531527056451466e+00
1.934049999999999955e+03 -4.538498669690322451e+00
1.934099999999999909e+03 -4.535808426856450914e+00
1.934150000000000091e+03 -4.533187806508064632e+00
1.934200000000000045e+03 -4.531643806279031850e+00
1.934250000000000000e+03 -4.531307749443548971e+00
1.934299999999999955e+03 -4.532590987411290406e+00
1.934349999999999909e+03 -4.534544627809677486e+00
1.934400000000000091e+03 -4.536456506253226273e+00
1.934450000000000045e+03 -4.536904889672580765e+00
1.934500000000000000e+03 -4.535804639054838994e+00
1.934549999999999955e+03 -4.532971171174192904e+00
1.934599999999999909e+03 -4.529092404640322478e+00
1.934650000000000091e+03 -4.524934032974193165e+00
1.934700000000000045e+03 -4.521498189272580959e+00
1.934750000000000000e+03 -4.519818558827418897e+00
1.934799999999999955e+03 -4.519959688085483762e+00
1.934849999999999909e+03 -4.521784620138709521e+00
1.934900000000000091e+03 -4.525294027946774378e+00
1.934950000000000045e+03 -4.529605892101612241e+00
1.935000000000000000e+03 -4.533885588783870269e+00
1.935049999999999955e+03 -4.537275267451613026e+00
1.935099999999999909e+03 -4.538949052761290126e+00
1.935150000000000091e+03 -4.538948283664516303e+00
1.935200000000000045e+03 -4.537660104249999549e+00
1.935250000000000000e+03 -4.535298804106451698e+00
1.935299999999999955e+03 -4.533101052391935504e+00
1.935349999999999909e+03 -4.531236223443548816e+00
1.935400000000000091e+03 -4.530335495756451003e+00
1.935450000000000045e+03 -4.530643711288710129e+00
1.935500000000000000e+03 -4.531347357927419495e+00
1.935549999999999955e+03 -4.531972537467741979e+00
1.935599999999999909e+03 -4.532564203616129106e+00
1.935650000000000091e+03 -4.532686663049999787e+00
1.935700000000000045e+03 -4.532523364577419223e+00
1.935750000000000000e+03 -4.531686529604838753e+00
1.935799999999999955e+03 -4.530542363561290031e+00
1.935849999999999909e+03 -4.529314769745161229e+00
1.935900000000000091e+03 -4.528696454393548620e+00
1.935950000000000045e+03 -4.528687571325806793e+00
1.936000000000000000e+03 -4.528719335022580950e+00
1.936049999999999955e+03 -4.529309039974193318e+00
1.936099999999999909e+03 -4.530396562040322372e+00
1.936150000000000091e+03 -4.531011166499999909e+00
1.936200000000000045e+03 -4.531436477016129061e+00
1.936250000000000000e+03 -4.531249336543548445e+00
1.936299999999999955e+03 -4.530239051020967800e+00
1.936349999999999909e+03 -4.528317212774193301e+00
1.936400000000000091e+03 -4.525515758546774236e+00
1.936450000000000045e+03 -4.522733416374193460e+00
1.936500000000000000e+03 -4.520582483425806153e+00
1.936549999999999955e+03 -4.520124563206451285e+00
1.936599999999999909e+03 -4.521716593529031769e+00
1.936650000000000091e+03 -4.525304276161289607e+00
1.936700000000000045e+03 -4.530108439161289802e+00
1.936750000000000000e+03 -4.534510576049999742e+00
1.936799999999999955e+03 -4.537521955241935245e+00
1.936849999999999909e+03 -4.538596671846773845e+00
1.936900000000000091e+03 -4.537798733943548157e+00
1.936950000000000045e+03 -4.535882606240322801e+00
1.937000000000000000e+03 -4.534161771435483601e+00
1.937049999999999955e+03 -4.533026969145161011e+00
1.937099999999999909e+03 -4.533583872119354652e+00
1.937150000000000091e+03 -4.534963881688709897e+00
1.937200000000000045e+03 -4.536787487049999790e+00
1.937250000000000000e+03 -4.538057746509677415e+00
1.937299999999999955e+03 -4.537694886651612691e+00
1.937349999999999909e+03 -4.535159039995161123e+00
1.937400000000000091e+03 -4.530681204756451308e+00
1.937450000000000045e+03 -4.525883059938710318e+00
1.937500000000000000e+03 -4.521896677538709497e+00
1.937549999999999955e+03 -4.520080743917741728e+00
1.937599999999999909e+03 -4.521544969583870532e+00
1.937650000000000091e+03 -4.526309812511289721e+00
1.937700000000000045e+03 -4.532986764611290020e+00
1.937750000000000000e+03 -4.540155707917741701e+00
1.937799999999999955e+03 -4.545495816004838652e+00
1.937849999999999909e+03 -4.547216496990322376e+00
1.937900000000000091e+03 -4.545249147441935200e+00
1.937950000000000045e+03 -4.540334330643548633e+00
1.938000000000000000e+03 -4.533456644285483783e+00
1.938049999999999955e+03 -4.526795977809677574e+00
1.938099999999999909e+03 -4.521454677622580576e+00
1.938150000000000091e+03 -4.518310283143548212e+00
1.938200000000000045e+03 -4.517532745532258254e+00
1.938250000000000000e+03 -4.518647839717742087e+00
1.938299999999999955e+03 -4.520873490417741891e+00
1.938349999999999909e+03 -4.523595400811290190e+00
1.938400000000000091e+03 -4.526559538233870583e+00
1.938450000000000045e+03 -4.529366280001612566e+00
1.938500000000000000e+03 -4.531950118296774299e+00
1.938549999999999955e+03 -4.534480619730644868e+00
1.938599999999999909e+03 -4.535627842933871001e+00
1.938650000000000091e+03 -4.535268232509677588e+00
1.938700000000000045e+03 -4.533390598099999558e+00
1.938750000000000000e+03 -4.529894303391935217e+00
1.938799999999999955e+03 -4.526299237430645661e+00
1.938849999999999909e+03 -4.523670003198387413e+00
1.938900000000000091e+03 -4.522530432508064635e+00
1.938950000000000045e+03 -4.523150189916129271e+00
1.939000000000000000e+03 -4.525112982566128927e+00
1.939049999999999955e+03 -4.527432116979031917e+00
1.939099999999999909e+03 -4.529408541869354821e+00
1.939150000000000091e+03 -4.530464338693548143e+00
1.939200000000000045e+03 -4.531411731327419368e+00
1.939250000000000000e+03 -4.532337358522580573e+00
1.939299999999999955e+03 -4.533722944043548253e+00
1.939349999999999909e+03 -4.535476215504838926e+00
1.939400000000000091e+03 -4.537416319800000153e+00
1.939450000000000045e+03 -4.539177570640323012e+00
1.939500000000000000e+03 -4.540636720267741566e+00
1.939549999999999955e+03 -4.541148323441935197e+00
1.939599999999999909e+03 -4.540478055603226260e+00
1.939650000000000091e+03 -4.538354060269354839e+00
1.939700000000000045e+03 -4.534634400630645601e+00
1.939750000000000000e+03 -4.529849234320967533e+00
1.939799999999999955e+03 -4.524816341940322673e+00
1.939849999999999909e+03 -4.520871202354838303e+00
1.939900000000000091e+03 -4.518396210480645436e+00
1.939950000000000045e+03 -4.518308514220968242e+00
1.940000000000000000e+03 -4.520193974190322983e+00
1.940049999999999955e+03 -4.523771620109677372e+00
1.940099999999999909e+03 -4.528205828333870642e+00
1.940150000000000091e+03 -4.533213167474193561e+00
1.940200000000000045e+03 -4.537517148387096633e+00
1.940250000000000000e+03 -4.540865622695161363e+00
1.940299999999999955e+03 -4.542427177558064244e+00
1.940349999999999909e+03 -4.542078257579031941e+00
1.940400000000000091e+03 -4.539995524287096629e+00
1.940450000000000045e+03 -4.536186918606451179e+00
1.940500000000000000e+03 -4.531688067798387287e+00
1.940549999999999955e+03 -4.527639946154838668e+00
1.940599999999999909e+03 -4.525861525229031734e+00
1.940650000000000091e+03 -4.526205023075806189e+00
1.940700000000000045e+03 -4.528795956288710123e+00
1.940750000000000000e+03 -4.532549686914515874e+00
1.940799999999999955e+03 -4.535942691925806791e+00
1.940849999999999909e+03 -4.537585636454839033e+00
1.940900000000000091e+03 -4.537479135779031836e+00
1.940950000000000045e+03 -4.536057518074192885e+00
1.941000000000000000e+03 -4.534136660425806653e+00
1.941049999999999955e+03 -4.532914834835484186e+00
1.941099999999999909e+03 -4.532737692620967707e+00
1.941150000000000091e+03 -4.533681393590322628e+00
1.941200000000000045e+03 -4.535033504174193375e+00
1.941250000000000000e+03 -4.536376635553225789e+00
1.941299999999999955e+03 -4.537012313264516372e+00
1.941349999999999909e+03 -4.536462697482257944e+00
1.941400000000000091e+03 -4.535171230179032342e+00
1.941450000000000045e+03 -4.532895915054838909e+00
1.941500000000000000e+03 -4.530268718929032268e+00
1.941549999999999955e+03 -4.527444326390322793e+00
1.941599999999999909e+03 -4.524931494954838485e+00
1.941650000000000091e+03 -4.522865201106450961e+00
1.941700000000000045e+03 -4.521948822299999726e+00
1.941750000000000000e+03 -4.522395340659677743e+00
1.941799999999999955e+03 -4.524335502637097051e+00
1.941849999999999909e+03 -4.527633754925806997e+00
1.941900000000000091e+03 -4.531612427130645493e+00
1.941950000000000045e+03 -4.535905852190322385e+00
1.942000000000000000e+03 -4.539315988832258064e+00
1.942049999999999955e+03 -4.541638026585483878e+00
1.942099999999999909e+03 -4.542408565416129029e+00
1.942150000000000091e+03 -4.541802055699999840e+00
1.942200000000000045e+03 -4.540354654025806624e+00
1.942250000000000000e+03 -4.537698462951612832e+00
1.942299999999999955e+03 -4.534957113637096526e+00
1.942349999999999909e+03 -4.532323418643548152e+00
1.942400000000000091e+03 -4.530810643743548916e+00
1.942450000000000045e+03 -4.530569378085483656e+00
1.942500000000000000e+03 -4.531176003166129007e+00
1.942549999999999955e+03 -4.532951424614515723e+00
1.942599999999999909e+03 -4.535308340906451186e+00
1.942650000000000091e+03 -4.537320067338709961e+00
1.942700000000000045e+03 -4.538626262845161463e+00
1.942750000000000000e+03 -4.539258306574192936e+00
1.942799999999999955e+03 -4.539088624598387689e+00
1.942849999999999909e+03 -4.539115235346773858e+00
1.942900000000000091e+03 -4.539504186812902908e+00
1.942950000000000045e+03 -4.540579018782257670e+00
1.943000000000000000e+03 -4.541972756729031779e+00
1.943049999999999955e+03 -4.543284970417741597e+00
1.943099999999999909e+03 -4.544340748014516151e+00
1.943150000000000091e+03 -4.545079619285483652e+00
1.943200000000000045e+03 -4.544816972737097061e+00
1.943250000000000000e+03 -4.544070929638709622e+00
1.943299999999999955e+03 -4.543116422859677428e+00
1.943349999999999909e+03 -4.542364899946774059e+00
1.943400000000000091e+03 -4.542139189270967492e+00
1.943450000000000045e+03 -4.542454691995160942e+00
1.943500000000000000e+03 -4.543169125216128812e+00
1.943549999999999955e+03 -4.543261916741935025e+00
1.943599999999999909e+03 -4.542625700662902943e+00
1.943650000000000091e+03 -4.541216926874193760e+00
1.943700000000000045e+03 -4.539265574538710268e+00
1.943750000000000000e+03 -4.537502997006451544e+00
1.943799999999999955e+03 -4.536208664817741543e+00
1.943849999999999909e+03 -4.535215972383870309e+00
1.943900000000000091e+03 -4.535357486190322973e+00
1.943950000000000045e+03 -4.536121968383870495e+00
1.944000000000000000e+03 -4.537793234901612571e+00
1.944049999999999955e+03 -4.539613321645161292e+00
1.944099999999999909e+03 -4.541270667511289716e+00
1.944150000000000091e+03 -4.541934513391935546e+00
1.944200000000000045e+03 -4.541911152077418912e+00
1.944250000000000000e+03 -4.541432620064515646e+00
1.944299999999999955e+03 -4.540804691003225813e+00
1.944349999999999909e+03 -4.540452002450000357e+00
1.944400000000000091e+03 -4.540611859214515711e+00
1.944450000000000045e+03 -4.540737068169354629e+00
1.944500000000000000e+03 -4.540536257001612341e+00
1.944549999999999955e+03 -4.539525048562903287e+00
1.944599999999999909e+03 -4.538170726825806689e+00
1.944650000000000091e+03 -4.536605288024193605e+00
1.944700000000000045e+03 -4.535363331325806158e+00
1.944750000000000000e+03 -4.534951518458064434e+00
1.944799999999999955e+03 -4.535161808743548129e+00
1.944849999999999909e+03 -4.535914408391935382e+00
1.944900000000000091e+03 -4.537100913212903208e+00
1.944950000000000045e+03 -4.538156402398387357e+00
1.945000000000000000e+03 -4.539683155632258327e+00
1.945049999999999955e+03 -4.541058300664515990e+00
1.945099999999999909e+03 -4.542106579567741775e+00
1.945150000000000091e+03 -4.542267513067741902e+00
1.945200000000000045e+03 -4.541003714020967585e+00
1.945250000000000000e+03 -4.538850127688710323e+00
1.945299999999999955e+03 -4.536075553393548176e+00
1.945349999999999909e+03 -4.533667376801612470e+00
1.945400000000000091e+03 -4.531978113419354415e+00
1.945450000000000045e+03 -4.530930238291935197e+00
1.945500000000000000e+03 -4.530701085908064307e+00
1.945549999999999955e+03 -4.530898609187096859e+00
1.945599999999999909e+03 -4.531044410708064518e+00
1.945650000000000091e+03 -4.531782724383870864e+00
1.945700000000000045e+03 -4.533085997322580774e+00
1.945750000000000000e+03 -4.534957844279031924e+00
1.945799999999999955e+03 -4.537609363090322923e+00
1.945849999999999909e+03 -4.540531007916129624e+00
1.945900000000000091e+03 -4.542973986137096354e+00
1.945950000000000045e+03 -4.545025647919354483e+00
1.946000000000000000e+03 -4.546434229433870655e+00
1.946049999999999955e+03 -4.546761153245161502e+00
1.946099999999999909e+03 -4.546411348804838326e+00
1.946150000000000091e+03 -4.545101538543548259e+00
1.946200000000000045e+03 -4.543387471790322429e+00
1.946250000000000000e+03 -4.541490321549999543e+00
1.946299999999999955e+03 -4.539811306382257605e+00
1.946349999999999909e+03 -4.538336274906451528e+00
1.946400000000000091e+03 -4.537354580556451467e+00
1.946450000000000045e+03 -4.537244888129031928e+00
1.946500000000000000e+03 -4.538013138896774379e+00
1.946549999999999955e+03 -4.539319334403225881e+00
1.946599999999999909e+03 -4.540813304887096891e+00
1.946650000000000091e+03 -4.542343442146774102e+00
1.946700000000000045e+03 -4.543487665872580905e+00
1.946750000000000000e+03 -4.544329269245161562e+00
1.946799999999999955e+03 -4.544509160980645390e+00
1.946849999999999909e+03 -4.544208444141935033e+00
1.946900000000000091e+03 -4.543451402959677310e+00
1.946950000000000045e+03 -4.542445789700000347e+00
1.947000000000000000e+03 -4.541749814801612217e+00
1.947049999999999955e+03 -4.541525315453226241e+00
1.947099999999999909e+03 -4.541982505030644823e+00
1.947150000000000091e+03 -4.542444520690322562e+00
1.947200000000000045e+03 -4.542894499985483669e+00
1.947250000000000000e+03 -4.542539369550000039e+00
1.947299999999999955e+03 -4.541836645827419083e+00
1.947349999999999909e+03 -4.540947050816129149e+00
1.947400000000000091e+03 -4.540029576046774373e+00
1.947450000000000045e+03 -4.539979738575806500e+00
1.947500000000000000e+03 -4.540923208816129097e+00
1.947549999999999955e+03 -4.542827492429031722e+00
1.947599999999999909e+03 -4.545038203424192957e+00
1.947650000000000091e+03 -4.547227033616128899e+00
1.947700000000000045e+03 -4.548162889798387454e+00
1.947750000000000000e+03 -4.547446687654838726e+00
1.947799999999999955e+03 -4.545571572037096608e+00
1.947849999999999909e+03 -4.542901075762903140e+00
1.947900000000000091e+03 -4.539705555575806351e+00
1.947950000000000045e+03 -4.536496633877419526e+00
1.948000000000000000e+03 -4.533850325696773709e+00
1.948049999999999955e+03 -4.532015568432258057e+00
1.948099999999999909e+03 -4.531664687256450996e+00
1.948150000000000091e+03 -4.532891934979032200e+00
1.948200000000000045e+03 -4.535465505832258160e+00
1.948250000000000000e+03 -4.539139827216128964e+00
1.948299999999999955e+03 -4.543123883098386884e+00
1.948349999999999909e+03 -4.546984710450000300e+00
1.948400000000000091e+03 -4.549759438564516145e+00
1.948450000000000045e+03 -4.550867572424193597e+00
1.948500000000000000e+03 -4.550193574466129043e+00
1.948549999999999955e+03 -4.547753461130644936e+00
1.948599999999999909e+03 -4.544168816430644853e+00
1.948650000000000091e+03 -4.540225464995160998e+00
1.948700000000000045e+03 -4.536982068533871093e+00
1.948750000000000000e+03 -4.534926445903225911e+00
1.948799999999999955e+03 -4.534119067337096354e+00
1.948849999999999909e+03 -4.534374003690322397e+00
1.948900000000000091e+03 -4.535160616643548970e+00
1.948950000000000045e+03 -4.535796755812903314e+00
1.949000000000000000e+03 -4.536356427535483959e+00
1.949049999999999955e+03 -4.536725363258064192e+00
1.949099999999999909e+03 -4.537226679762903281e+00
1.949150000000000091e+03 -4.537629090422580447e+00
1.949200000000000045e+03 -4.537979490912903202e+00
1.949250000000000000e+03 -4.538315432383870807e+00
1.949299999999999955e+03 -4.538000871803226310e+00
1.949349999999999909e+03 -4.537507380858064820e+00
1.949400000000000091e+03 -4.536427568987096315e+00
1.949450000000000045e+03 -4.535539550624193339e+00
1.949500000000000000e+03 -4.535050232029031569e+00
1.949549999999999955e+03 -4.535241775580645118e+00
1.949599999999999909e+03 -4.535712212850000036e+00
1.949650000000000091e+03 -4.535946422045161519e+00
1.949700000000000045e+03 -4.535814060490322319e+00
1.949750000000000000e+03 -4.534819483769354953e+00
1.949799999999999955e+03 -4.533390328916128809e+00
1.949849999999999909e+03 -4.532408884522580728e+00
1.949900000000000091e+03 -4.532374179030645323e+00
1.949950000000000045e+03 -4.534250794387096661e+00
1.950000000000000000e+03 -4.538002890682258261e+00
