8.700000000000000000e+02 -4.437742800693548872e+00
8.700499999999999545e+02 -4.437770776588710220e+00
8.701000000000000227e+02 -4.438121138624193662e+00
8.701499999999999773e+02 -4.438490978035483536e+00
8.702000000000000455e+02 -4.438908501446774402e+00
8.702500000000000000e+02 -4.439281974840322498e+00
8.702999999999999545e+02 -4.439886311858064261e+00
8.703500000000000227e+02 -4.440631778133870888e+00
8.703999999999999773e+02 -4.441299854046773632e+00
8.704500000000000455e+02 -4.441887693938709525e+00
8.705000000000000000e+02 -4.442564595237096903e+00
8.705499999999999545e+02 -4.443084197017742376e+00
8.706000000000000227e+02 -4.443716125382257687e+00
8.706499999999999773e+02 -4.444208924140322203e+00
8.707000000000000455e+02 -4.444885594709677257e+00
8.707500000000000000e+02 -4.445661248033871082e+00
8.707999999999999545e+02 -4.446222034946774038e+00
8.708500000000000227e+02 -4.447025548801613049e+00
8.708999999999999773e+02 -4.447665860320968001e+00
8.709500000000000455e+02 -4.448367757264516165e+00
8.710000000000000000e+02 -4.449179231270967705e+00
8.710499999999999545e+02 -4.449854190599999981e+00
8.711000000000000227e+02 -4.450506442346774172e+00
8.711499999999999773e+02 -4.451152022179032386e+00
8.712000000000000455e+02 -4.451962015674193474e+00
8.712500000000000000e+02 -4.452690484911290270e+00
8.712999999999999545e+02 -4.453363386906451282e+00
8.713500000000000227e+02 -4.454218026469354719e+00
8.713999999999999773e+02 -4.455216179490322226e+00
8.714500000000000455e+02 -4.456185433699999976e+00
8.715000000000000000e+02 -4.457152822850000362e+00
8.715499999999999545e+02 -4.458268013172580702e+00
8.716000000000000227e+02 -4.459295026549999541e+00
8.716499999999999773e+02 -4.460484415483870535e+00
8.717000000000000455e+02 -4.461602932149999923e+00
8.717500000000000000e+02 -4.462916030299999726e+00
8.717999999999999545e+02 -4.464112033466129503e+00
8.718500000000000227e+02 -4.464849328088710045e+00
8.718999999999999773e+02 -4.465483236877418882e+00
8.719500000000000455e+02 -4.466135815490322791e+00
8.720000000000000000e+02 -4.466639708469354986e+00
8.720499999999999545e+02 -4.467114356543548936e+00
8.721000000000000227e+02 -4.467473890058064612e+00
8.721499999999999773e+02 -4.467831462375806417e+00
8.722000000000000455e+02 -4.468390864914516314e+00
8.722500000000000000e+02 -4.468978243348387558e+00
8.722999999999999545e+02 -4.469609037295160903e+00
8.723500000000000227e+02 -4.470223776346774258e+00
8.723999999999999773e+02 -4.470965243319354521e+00
8.724500000000000455e+02 -4.471526895466129581e+00
8.725000000000000000e+02 -4.472071166025807010e+00
8.725499999999999545e+02 -4.472671330693548164e+00
8.726000000000000227e+02 -4.473355653775806573e+00
8.726499999999999773e+02 -4.473912575977418982e+00
8.727000000000000455e+02 -4.474632854333870924e+00
8.727500000000000000e+02 -4.475284413893548141e+00
8.727999999999999545e+02 -4.476063720427418957e+00
8.728500000000000227e+02 -4.476702166887096546e+00
8.728999999999999773e+02 -4.477358917850000175e+00
8.729500000000000455e+02 -4.478121361937096978e+00
8.730000000000000000e+02 -4.478768076187096270e+00
8.730499999999999545e+02 -4.479504217164516078e+00
8.731000000000000227e+02 -4.480150085408064697e+00
8.731499999999999773e+02 -4.480920874195160941e+00
8.732000000000000455e+02 -4.481689374919354485e+00
8.732500000000000000e+02 -4.482532285756451351e+00
8.732999999999999545e+02 -4.483157042293548500e+00
8.733500000000000227e+02 -4.484065172537096799e+00
8.733999999999999773e+02 -4.484859034227419272e+00
8.734500000000000455e+02 -4.485501672264516237e+00
8.735000000000000000e+02 -4.486066170069354264e+00
8.735499999999999545e+02 -4.487133291843548477e+00
8.736000000000000227e+02 -4.487965166141935747e+00
8.736499999999999773e+02 -4.488634164970967788e+00
8.737000000000000455e+02 -4.489229811195161624e+00
8.737500000000000000e+02 -4.489762218437096664e+00
8.737999999999999545e+02 -4.490112638154838187e+00
8.738500000000000227e+02 -4.490635873917741883e+00
8.738999999999999773e+02 -4.491246325254838467e+00
8.739500000000000455e+02 -4.491409566045160950e+00
8.740000000000000000e+02 -4.491938570033870981e+00
8.740499999999999545e+02 -4.492391914127419561e+00
8.741000000000000227e+02 -4.492821877679031850e+00
8.741499999999999773e+02 -4.493208906403226344e+00
8.742000000000000455e+02 -4.493796803977419430e+00
8.742500000000000000e+02 -4.494408543551612567e+00
8.742999999999999545e+02 -4.494906379893548909e+00
8.743500000000000227e+02 -4.495463282867741661e+00
8.743999999999999773e+02 -4.495986864724192955e+00
8.744500000000000455e+02 -4.496512523141935169e+00
8.745000000000000000e+02 -4.496874344719354433e+00
8.745499999999999545e+02 -4.497408924659676899e+00
8.746000000000000227e+02 -4.497891321383870711e+00
8.746499999999999773e+02 -4.498134663603226002e+00
8.747000000000000455e+02 -4.498747076137096457e+00
8.747500000000000000e+02 -4.499358335025806177e+00
8.747999999999999545e+02 -4.500198842435484181e+00
8.748500000000000227e+02 -4.501045098843548864e+00
8.748999999999999773e+02 -4.501763877461289809e+00
8.749500000000000455e+02 -4.502723441051612596e+00
8.750000000000000000e+02 -4.503909311367741530e+00
8.750499999999999545e+02 -4.505136770591935402e+00
8.751000000000000227e+02 -4.506296933848386921e+00
8.751499999999999773e+02 -4.507311930088709673e+00
8.752000000000000455e+02 -4.508313390225806572e+00
8.752500000000000000e+02 -4.509547905912903332e+00
8.752999999999999545e+02 -4.510498951756451547e+00
8.753500000000000227e+02 -4.511476339164516070e+00
8.753999999999999773e+02 -4.512611737504838239e+00
8.754500000000000455e+02 -4.513709776969355048e+00
8.755000000000000000e+02 -4.514670090429032001e+00
8.755499999999999545e+02 -4.515927217561290341e+00
8.756000000000000227e+02 -4.516766513643548642e+00
8.756499999999999773e+02 -4.517396134717741596e+00
8.757000000000000455e+02 -4.518287652470967863e+00
8.757500000000000000e+02 -4.518685294730644841e+00
8.757999999999999545e+02 -4.519248869619354458e+00
8.758500000000000227e+02 -4.519390979475806702e+00
8.758999999999999773e+02 -4.519527878701612877e+00
8.759500000000000455e+02 -4.519481290664516315e+00
8.760000000000000000e+02 -4.519256387540322883e+00
8.760499999999999545e+02 -4.519223431743548680e+00
8.761000000000000227e+02 -4.519067747329032159e+00
8.761499999999999773e+02 -4.519152694067742004e+00
8.762000000000000455e+02 -4.519627130640322399e+00
8.762500000000000000e+02 -4.520086589053225801e+00
8.762999999999999545e+02 -4.520726189158065011e+00
8.763500000000000227e+02 -4.521573733803226247e+00
8.763999999999999773e+02 -4.522545910580645590e+00
8.764500000000000455e+02 -4.523733357545161482e+00
8.765000000000000000e+02 -4.524593073146774280e+00
8.765499999999999545e+02 -4.525487244283870503e+00
8.766000000000000227e+02 -4.526245804432257991e+00
8.766499999999999773e+02 -4.526888827017741868e+00
8.767000000000000455e+02 -4.527505104262902869e+00
8.767500000000000000e+02 -4.527760982759676978e+00
8.767999999999999545e+02 -4.528201982849999752e+00
8.768500000000000227e+02 -4.528430500729031749e+00
8.768999999999999773e+02 -4.528597760050000254e+00
8.769500000000000455e+02 -4.528892535616129145e+00
8.770000000000000000e+02 -4.529007419446774207e+00
8.770499999999999545e+02 -4.529541307199999700e+00
8.771000000000000227e+02 -4.529966579261290427e+00
8.771499999999999773e+02 -4.530374488962903179e+00
8.772000000000000455e+02 -4.531203498375806937e+00
8.772500000000000000e+02 -4.532093631754838370e+00
8.772999999999999545e+02 -4.533040889796773776e+00
8.773500000000000227e+02 -4.533955672727419284e+00
8.773999999999999773e+02 -4.534740651349999929e+00
8.774500000000000455e+02 -4.535689370675807019e+00
8.775000000000000000e+02 -4.536652895114515971e+00
8.775499999999999545e+02 -4.538030847349999952e+00
8.776000000000000227e+02 -4.539462117219354553e+00
8.776499999999999773e+02 -4.540905538817741949e+00
8.777000000000000455e+02 -4.542714415975806830e+00
8.777500000000000000e+02 -4.544245956837096756e+00
8.777999999999999545e+02 -4.545654922899999839e+00
8.778500000000000227e+02 -4.546500467893548780e+00
8.778999999999999773e+02 -4.546899167661289987e+00
8.779500000000000455e+02 -4.546825911193548286e+00
8.780000000000000000e+02 -4.546370932769354667e+00
8.780499999999999545e+02 -4.545724295429032225e+00
8.781000000000000227e+02 -4.544998883351612839e+00
8.781499999999999773e+02 -4.544360148480644845e+00
8.782000000000000455e+02 -4.543433213820968319e+00
8.782500000000000000e+02 -4.542759792685483689e+00
8.782999999999999545e+02 -4.541815053435484195e+00
8.783500000000000227e+02 -4.540886234488709761e+00
8.783999999999999773e+02 -4.540033267711289788e+00
8.784500000000000455e+02 -4.538782254898387158e+00
8.785000000000000000e+02 -4.537785332432258123e+00
8.785499999999999545e+02 -4.537200280516128892e+00
8.786000000000000227e+02 -4.536726459220967733e+00
8.786499999999999773e+02 -4.536659105570968187e+00
8.787000000000000455e+02 -4.536936595687096840e+00
8.787500000000000000e+02 -4.537386882620968009e+00
8.787999999999999545e+02 -4.537870759856451386e+00
8.788500000000000227e+02 -4.538799309619355071e+00
8.788999999999999773e+02 -4.539518626604838403e+00
8.789500000000000455e+02 -4.540480382120968272e+00
8.790000000000000000e+02 -4.541265456880645424e+00
8.790499999999999545e+02 -4.541958316937096285e+00
8.791000000000000227e+02 -4.542438060277419254e+00
8.791499999999999773e+02 -4.542653791922580453e+00
8.792000000000000455e+02 -4.542707167238710042e+00
8.792500000000000000e+02 -4.542080891735484016e+00
8.792999999999999545e+02 -4.541388127816129661e+00
8.793500000000000227e+02 -4.539671138495161351e+00
8.793999999999999773e+02 -4.537641895883870902e+00
8.794500000000000455e+02 -4.534798545109677725e+00
8.795000000000000000e+02 -4.531224033259677597e+00
8.795499999999999545e+02 -4.526478321614516354e+00
8.796000000000000227e+02 -4.520371885501612397e+00
8.796499999999999773e+02 -4.512658287087096376e+00
8.797000000000000455e+02 -4.503247445911290114e+00
8.797500000000000000e+02 -4.491625297690323038e+00
8.797999999999999545e+02 -4.478031550661290439e+00
8.798500000000000227e+02 -4.462691973182257854e+00
8.798999999999999773e+02 -4.446235974825806458e+00
8.799500000000000455e+02 -4.431310152183870699e+00
8.800000000000000000e+02 -4.420937766993549012e+00
8.800499999999999545e+02 -4.420816095883870922e+00
8.801000000000000227e+02 -4.437797618066129601e+00
8.801499999999999773e+02 -4.479125552367741570e+00
8.802000000000000455e+02 -4.549390022156451607e+00
8.802500000000000000e+02 -4.647929623433870283e+00
8.802999999999999545e+02 -4.766484179935483567e+00
8.803500000000000227e+02 -4.886872128554838213e+00
8.803999999999999773e+02 -4.984404366877419612e+00
8.804500000000000455e+02 -5.032916107280644979e+00
8.805000000000000000e+02 -5.014679053841935463e+00
8.805499999999999545e+02 -4.926491187506451652e+00
8.806000000000000227e+02 -4.785886568806451358e+00
8.806499999999999773e+02 -4.623756046587097046e+00
8.807000000000000455e+02 -4.475325156795161519e+00
8.807500000000000000e+02 -4.368186015301612990e+00
8.807999999999999545e+02 -4.313499139216129485e+00
8.808500000000000227e+02 -4.306278935609677561e+00
8.808999999999999773e+02 -4.331531728277419724e+00
8.809500000000000455e+02 -4.373215850522580439e+00
8.810000000000000000e+02 -4.418589176174193334e+00
8.810499999999999545e+02 -4.459985636998387015e+00
8.811000000000000227e+02 -4.493471322222580611e+00
8.811499999999999773e+02 -4.518313801761290271e+00
8.812000000000000455e+02 -4.534299209029032163e+00
8.812500000000000000e+02 -4.542887731933870299e+00
8.812999999999999545e+02 -4.545010362120968317e+00
8.813500000000000227e+02 -4.540919055693548145e+00
8.813999999999999773e+02 -4.532258103100000213e+00
8.814500000000000455e+02 -4.521088356829031873e+00
8.815000000000000000e+02 -4.511145300685483583e+00
8.815499999999999545e+02 -4.506533911791935409e+00
8.816000000000000227e+02 -4.509950066616129405e+00
8.816499999999999773e+02 -4.522791175541935438e+00
8.817000000000000455e+02 -4.542400278398387670e+00
8.817500000000000000e+02 -4.565367757683870487e+00
8.817999999999999545e+02 -4.586571717293548289e+00
8.818500000000000227e+02 -4.601972591785483679e+00
8.818999999999999773e+02 -4.608529564788709898e+00
8.819500000000000455e+02 -4.604754972412902880e+00
8.820000000000000000e+02 -4.590878236225806930e+00
8.820499999999999545e+02 -4.568819137140322617e+00
8.821000000000000227e+02 -4.543304197837096936e+00
8.821499999999999773e+02 -4.520553526932258315e+00
8.822000000000000455e+02 -4.506771601149999640e+00
8.822500000000000000e+02 -4.505400705377419435e+00
8.822999999999999545e+02 -4.516408441412902874e+00
8.823500000000000227e+02 -4.536710615827419524e+00
8.823999999999999773e+02 -4.561850389724193100e+00
8.824500000000000455e+02 -4.585295631925806248e+00
8.825000000000000000e+02 -4.602428339306451122e+00
8.825499999999999545e+02 -4.608541255059677155e+00
8.826000000000000227e+02 -4.602429069948387408e+00
8.826499999999999773e+02 -4.586626207800000188e+00
8.827000000000000455e+02 -4.565415672412902914e+00
8.827500000000000000e+02 -4.545829469412903556e+00
8.827999999999999545e+02 -4.531856192353226120e+00
8.828500000000000227e+02 -4.526787883066129226e+00
8.828999999999999773e+02 -4.528240476143548854e+00
8.829500000000000455e+02 -4.532702525670967653e+00
8.830000000000000000e+02 -4.537246253275806218e+00
8.830499999999999545e+02 -4.540666907316129652e+00
8.831000000000000227e+02 -4.542985830227419086e+00
8.831499999999999773e+02 -4.545677457435483682e+00
8.832000000000000455e+02 -4.548700853764516161e+00
8.832500000000000000e+02 -4.551734171441935040e+00
8.832999999999999545e+02 -4.553711480793548816e+00
8.833500000000000227e+02 -4.554042230861290008e+00
8.833999999999999773e+02 -4.553523744270967732e+00
8.834500000000000455e+02 -4.553955207561290131e+00
8.835000000000000000e+02 -4.556747509537096619e+00
8.835499999999999545e+02 -4.562457687764515768e+00
8.836000000000000227e+02 -4.569314185506451409e+00
8.836499999999999773e+02 -4.575323830790322788e+00
8.837000000000000455e+02 -4.575904671901612986e+00
8.837500000000000000e+02 -4.570742975038710298e+00
8.837999999999999545e+02 -4.559888443080645004e+00
8.838500000000000227e+02 -4.546347994458064257e+00
8.838999999999999773e+02 -4.532573182820968327e+00
8.839500000000000455e+02 -4.522241059846773936e+00
8.840000000000000000e+02 -4.515876610993548645e+00
8.840499999999999545e+02 -4.515357951356451238e+00
8.841000000000000227e+02 -4.520974338232258027e+00
8.841499999999999773e+02 -4.533541802525806297e+00
8.842000000000000455e+02 -4.551925657311289619e+00
8.842500000000000000e+02 -4.573390686820967943e+00
8.842999999999999545e+02 -4.592877772474193598e+00
8.843500000000000227e+02 -4.605208797191934877e+00
8.843999999999999773e+02 -4.606710170232258150e+00
8.844500000000000455e+02 -4.597169793932257775e+00
8.845000000000000000e+02 -4.579722852837096347e+00
8.845499999999999545e+02 -4.559848430820967913e+00
8.846000000000000227e+02 -4.543602818887096717e+00
8.846499999999999773e+02 -4.535160751235483900e+00
8.847000000000000455e+02 -4.536407995474193378e+00
8.847500000000000000e+02 -4.546430307040322916e+00
8.847999999999999545e+02 -4.560973753993548208e+00
8.848500000000000227e+02 -4.575490551743548906e+00
8.848999999999999773e+02 -4.586276114948387495e+00
8.849500000000000455e+02 -4.591591765758064270e+00
8.850000000000000000e+02 -4.591318198035484244e+00
8.850499999999999545e+02 -4.587063304724193102e+00
8.851000000000000227e+02 -4.580547574535484223e+00
8.851499999999999773e+02 -4.573810075291935284e+00
8.852000000000000455e+02 -4.567695563662903524e+00
8.852500000000000000e+02 -4.562411695777419673e+00
8.852999999999999545e+02 -4.557298355874193518e+00
8.853500000000000227e+02 -4.552143196333870989e+00
8.853999999999999773e+02 -4.547957598641935384e+00
8.854500000000000455e+02 -4.545838621664516133e+00
8.855000000000000000e+02 -4.546402965649999572e+00
8.855499999999999545e+02 -4.549373236619354444e+00
8.856000000000000227e+02 -4.552853995572580637e+00
8.856499999999999773e+02 -4.553521879211290369e+00
8.857000000000000455e+02 -4.549774070630645539e+00
8.857500000000000000e+02 -4.542013595767741663e+00
8.857999999999999545e+02 -4.533638766401612230e+00
8.858500000000000227e+02 -4.529144933949999619e+00
8.858999999999999773e+02 -4.531485853029032285e+00
8.859500000000000455e+02 -4.539837397990322820e+00
8.860000000000000000e+02 -4.550811120720967828e+00
8.860499999999999545e+02 -4.558896923519355049e+00
8.861000000000000227e+02 -4.561413850395161340e+00
8.861499999999999773e+02 -4.558636276622580752e+00
8.862000000000000455e+02 -4.552880221772580782e+00
8.862500000000000000e+02 -4.547520636309677400e+00
8.862999999999999545e+02 -4.545051912574193054e+00
8.863500000000000227e+02 -4.544817934108064783e+00
8.863999999999999773e+02 -4.546163295867741816e+00
8.864500000000000455e+02 -4.546915126419354358e+00
8.865000000000000000e+02 -4.546901417269354262e+00
8.865499999999999545e+02 -4.546706316645161117e+00
8.866000000000000227e+02 -4.547155219204838339e+00
8.866499999999999773e+02 -4.547709334203226206e+00
8.867000000000000455e+02 -4.546779438520967886e+00
8.867500000000000000e+02 -4.543255360191935210e+00
8.867999999999999545e+02 -4.537310607448387323e+00
8.868500000000000227e+02 -4.531167581556450941e+00
8.868999999999999773e+02 -4.527530926687096446e+00
8.869500000000000455e+02 -4.528083618856451054e+00
8.870000000000000000e+02 -4.532308844259677727e+00
8.870499999999999545e+02 -4.538739204706451424e+00
8.871000000000000227e+02 -4.544676593348387250e+00
8.871499999999999773e+02 -4.548544111841935411e+00
8.872000000000000455e+02 -4.548557763309677426e+00
8.872500000000000000e+02 -4.545096923962903546e+00
8.872999999999999545e+02 -4.539762526419354849e+00
8.873500000000000227e+02 -4.534672432466129166e+00
8.873999999999999773e+02 -4.531220264685483556e+00
8.874500000000000455e+02 -4.529565745250000219e+00
8.875000000000000000e+02 -4.528597010180645199e+00
8.875499999999999545e+02 -4.526900344241934881e+00
8.876000000000000227e+02 -4.523634490154838872e+00
8.876499999999999773e+02 -4.520255790343548519e+00
8.877000000000000455e+02 -4.519551047741935612e+00
8.877500000000000000e+02 -4.522573886475806937e+00
8.877999999999999545e+02 -4.529923721343548593e+00
8.878500000000000227e+02 -4.538905675703225562e+00
8.878999999999999773e+02 -4.546405119120968230e+00
8.879500000000000455e+02 -4.549857094627419052e+00
8.880000000000000000e+02 -4.548927718085484351e+00
8.880499999999999545e+02 -4.544785939682258302e+00
8.881000000000000227e+02 -4.539783791945160907e+00
8.881499999999999773e+02 -4.535974917080645596e+00
8.882000000000000455e+02 -4.534451240233870806e+00
8.882500000000000000e+02 -4.533586506275806727e+00
8.882999999999999545e+02 -4.532896184238709658e+00
8.883500000000000227e+02 -4.532184289037096470e+00
8.883999999999999773e+02 -4.532598543787096368e+00
8.884500000000000455e+02 -4.535501672608064361e+00
8.885000000000000000e+02 -4.540606629356451762e+00
8.885499999999999545e+02 -4.546085290227419584e+00
8.886000000000000227e+02 -4.549306536701612558e+00
8.886499999999999773e+02 -4.548104303851612684e+00
8.887000000000000455e+02 -4.542460825541935421e+00
8.887500000000000000e+02 -4.534253774637096335e+00
8.887999999999999545e+02 -4.526978926704838813e+00
8.888500000000000227e+02 -4.523633355737096906e+00
8.888999999999999773e+02 -4.524837934332257561e+00
8.889500000000000455e+02 -4.530285350646773956e+00
8.890000000000000000e+02 -4.537187090506451526e+00
8.890499999999999545e+02 -4.543181699948386942e+00
8.891000000000000227e+02 -4.546526155725806539e+00
8.891499999999999773e+02 -4.547058889833870410e+00
8.892000000000000455e+02 -4.545725256799999947e+00
8.892500000000000000e+02 -4.543308466324193162e+00
8.892999999999999545e+02 -4.540249806908065011e+00
8.893500000000000227e+02 -4.537213912756451251e+00
8.893999999999999773e+02 -4.534012855072580450e+00
8.894500000000000455e+02 -4.530621061388710125e+00
8.895000000000000000e+02 -4.527522005164516194e+00
8.895499999999999545e+02 -4.525483033479032358e+00
8.896000000000000227e+02 -4.524233597314515798e+00
8.896499999999999773e+02 -4.524001733864515984e+00
8.897000000000000455e+02 -4.524992292054838217e+00
8.897500000000000000e+02 -4.527698320599999882e+00
8.897999999999999545e+02 -4.532573682733870513e+00
8.898500000000000227e+02 -4.539419720759677368e+00
8.898999999999999773e+02 -4.547098652137096408e+00
8.899500000000000455e+02 -4.553544932887096941e+00
8.900000000000000000e+02 -4.556928651054838575e+00
8.900499999999999545e+02 -4.556216044438709645e+00
8.901000000000000227e+02 -4.551723365632257767e+00
8.901499999999999773e+02 -4.545129091435484270e+00
8.902000000000000455e+02 -4.538725034098387567e+00
8.902500000000000000e+02 -4.534074882727419542e+00
8.902999999999999545e+02 -4.531935390093548399e+00
8.903500000000000227e+02 -4.531763593101612919e+00
8.903999999999999773e+02 -4.532257353230645158e+00
8.904500000000000455e+02 -4.531634827074193517e+00
8.905000000000000000e+02 -4.529165372696773773e+00
8.905499999999999545e+02 -4.525820070912903503e+00
8.906000000000000227e+02 -4.523869641493548421e+00
8.906499999999999773e+02 -4.524353711003225698e+00
8.907000000000000455e+02 -4.528038530558064600e+00
8.907500000000000000e+02 -4.533531688903225998e+00
8.907999999999999545e+02 -4.538358905579031877e+00
8.908500000000000227e+02 -4.540019385514516337e+00
8.908999999999999773e+02 -4.538027347959677549e+00
8.909500000000000455e+02 -4.533443069727419505e+00
8.910000000000000000e+02 -4.528704741411289980e+00
8.910499999999999545e+02 -4.525127480040322503e+00
8.911000000000000227e+02 -4.524190566349999720e+00
8.911499999999999773e+02 -4.524507934133870535e+00
8.912000000000000455e+02 -4.524771926601612648e+00
8.912500000000000000e+02 -4.524300181867741522e+00
8.912999999999999545e+02 -4.523374823856451066e+00
8.913500000000000227e+02 -4.522752720703225648e+00
8.913999999999999773e+02 -4.522896426435483619e+00
8.914500000000000455e+02 -4.523829033183870862e+00
8.915000000000000000e+02 -4.524920900646773880e+00
8.915499999999999545e+02 -4.525788634082258177e+00
8.916000000000000227e+02 -4.525874196098387259e+00
8.916499999999999773e+02 -4.525903037227418935e+00
8.917000000000000455e+02 -4.526621604343548988e+00
8.917500000000000000e+02 -4.527973676472580422e+00
8.917999999999999545e+02 -4.529392756158064692e+00
8.918500000000000227e+02 -4.530463281185483915e+00
8.918999999999999773e+02 -4.531444898625806239e+00
8.919500000000000455e+02 -4.533303651709677418e+00
8.920000000000000000e+02 -4.536415878716129058e+00
8.920499999999999545e+02 -4.540579787879032381e+00
8.921000000000000227e+02 -4.544117844541935014e+00
8.921499999999999773e+02 -4.544859273059677740e+00
8.922000000000000455e+02 -4.542101157435483927e+00
8.922500000000000000e+02 -4.536090493098387633e+00
8.922999999999999545e+02 -4.528539597106451708e+00
8.923500000000000227e+02 -4.521477827435483654e+00
8.923999999999999773e+02 -4.516290231238709652e+00
8.924500000000000455e+02 -4.513632771154838963e+00
8.925000000000000000e+02 -4.512968867591935052e+00
8.925499999999999545e+02 -4.514329072919355035e+00
8.926000000000000227e+02 -4.517957479225806594e+00
8.926499999999999773e+02 -4.524157918191935579e+00
8.927000000000000455e+02 -4.533023892758064832e+00
8.927500000000000000e+02 -4.542991694590322815e+00
8.927999999999999545e+02 -4.552310282608064362e+00
8.928500000000000227e+02 -4.558084180503225724e+00
8.928999999999999773e+02 -4.558153110801612229e+00
8.929500000000000455e+02 -4.552620766975806532e+00
8.930000000000000000e+02 -4.543025688667741591e+00
8.930499999999999545e+02 -4.531907029650000140e+00
8.931000000000000227e+02 -4.522183416043549009e+00
8.931499999999999773e+02 -4.515443994058064625e+00
8.932000000000000455e+02 -4.512541307467741625e+00
8.932500000000000000e+02 -4.512994632333870548e+00
8.932999999999999545e+02 -4.516033699009676994e+00
8.933500000000000227e+02 -4.521628570403225744e+00
8.933999999999999773e+02 -4.528962273466129673e+00
8.934500000000000455e+02 -4.537771796329032270e+00
8.935000000000000000e+02 -4.546219189975806430e+00
8.935499999999999545e+02 -4.552100376870967580e+00
8.936000000000000227e+02 -4.553960514329031817e+00
8.936499999999999773e+02 -4.551412400579032180e+00
8.937000000000000455e+02 -4.545769441409677647e+00
8.937500000000000000e+02 -4.539569175490322905e+00
8.937999999999999545e+02 -4.534686430027419668e+00
8.938500000000000227e+02 -4.532983611314516104e+00
8.938999999999999773e+02 -4.534404652196774244e+00
8.939500000000000455e+02 -4.537820980067741594e+00
8.940000000000000000e+02 -4.541596629951612840e+00
8.940499999999999545e+02 -4.544082639137096535e+00
8.941000000000000227e+02 -4.543944317082257989e+00
8.941499999999999773e+02 -4.541114579320967515e+00
8.942000000000000455e+02 -4.536259040656450914e+00
8.942500000000000000e+02 -4.531469240538710253e+00
8.942999999999999545e+02 -4.528662056540322389e+00
8.943500000000000227e+02 -4.529040413698386836e+00
8.943999999999999773e+02 -4.533543975224193723e+00
8.944500000000000455e+02 -4.541020191919354687e+00
8.945000000000000000e+02 -4.549608138001612900e+00
8.945499999999999545e+02 -4.557668118375806543e+00
8.946000000000000227e+02 -4.562613910546773788e+00
8.946499999999999773e+02 -4.564235454958064153e+00
8.947000000000000455e+02 -4.561443095299999584e+00
8.947500000000000000e+02 -4.555334544170968059e+00
8.947999999999999545e+02 -4.546277737467741886e+00
8.948500000000000227e+02 -4.535850534904838582e+00
8.948999999999999773e+02 -4.525968179724193519e+00
8.949500000000000455e+02 -4.519351409446773715e+00
8.950000000000000000e+02 -4.517723769943548184e+00
8.950499999999999545e+02 -4.521951610275806388e+00
8.951000000000000227e+02 -4.531138413561290434e+00
8.951499999999999773e+02 -4.542640986461289998e+00
8.952000000000000455e+02 -4.552908620670967466e+00
8.952500000000000000e+02 -4.559118711801612989e+00
8.952999999999999545e+02 -4.560095349340322457e+00
8.953500000000000227e+02 -4.556632741070967718e+00
8.953999999999999773e+02 -4.551019199853225672e+00
8.954500000000000455e+02 -4.546050546280644866e+00
8.955000000000000000e+02 -4.544199811030645186e+00
8.955499999999999545e+02 -4.545976789900000092e+00
8.956000000000000227e+02 -4.550800218774193162e+00
8.956499999999999773e+02 -4.556314469598387262e+00
8.957000000000000455e+02 -4.559992905649999706e+00
8.957500000000000000e+02 -4.559734046903225924e+00
8.957999999999999545e+02 -4.554948246088709851e+00
8.958500000000000227e+02 -4.546604315185484246e+00
8.958999999999999773e+02 -4.536344102759676922e+00
8.959500000000000455e+02 -4.526555423566128944e+00
8.960000000000000000e+02 -4.519835748140322629e+00
8.960499999999999545e+02 -4.517178038099999959e+00
8.961000000000000227e+02 -4.519585137956450893e+00
8.961499999999999773e+02 -4.526549828387096852e+00
8.962000000000000455e+02 -4.537141040837096462e+00
8.962500000000000000e+02 -4.549202074132257856e+00
8.962999999999999545e+02 -4.560391355461289820e+00
8.963500000000000227e+02 -4.568271444099999634e+00
8.963999999999999773e+02 -4.571505457580645526e+00
8.964500000000000455e+02 -4.568905333661289703e+00
8.965000000000000000e+02 -4.560612682285483999e+00
8.965499999999999545e+02 -4.547337283638709593e+00
8.966000000000000227e+02 -4.531451685904838378e+00
8.966499999999999773e+02 -4.516068000725806719e+00
8.967000000000000455e+02 -4.505360577753226181e+00
8.967500000000000000e+02 -4.501733921141934935e+00
8.967999999999999545e+02 -4.506797846577419442e+00
8.968500000000000227e+02 -4.518883817835483541e+00
8.968999999999999773e+02 -4.534290787419354984e+00
8.969500000000000455e+02 -4.548765380983870621e+00
8.970000000000000000e+02 -4.558820436845161694e+00
8.970499999999999545e+02 -4.563183676664515964e+00
8.971000000000000227e+02 -4.561899996466129537e+00
8.971499999999999773e+02 -4.557952914911290065e+00
8.972000000000000455e+02 -4.553136715546774127e+00
8.972500000000000000e+02 -4.549779473535483731e+00
8.972999999999999545e+02 -4.546916453111290224e+00
8.973500000000000227e+02 -4.544789362162902968e+00
8.973999999999999773e+02 -4.541154899219354668e+00
8.974500000000000455e+02 -4.536685504817741688e+00
8.975000000000000000e+02 -4.531313363849999831e+00
8.975499999999999545e+02 -4.526492299948387199e+00
8.976000000000000227e+02 -4.523177146758064815e+00
8.976499999999999773e+02 -4.522512262596774413e+00
8.977000000000000455e+02 -4.523871083549999561e+00
8.977500000000000000e+02 -4.526563537537096948e+00
8.977999999999999545e+02 -4.529938872549999829e+00
8.978500000000000227e+02 -4.533010241290322817e+00
8.978999999999999773e+02 -4.535321780872580533e+00
8.979500000000000455e+02 -4.536693080420968194e+00
8.980000000000000000e+02 -4.537695444246773846e+00
8.980499999999999545e+02 -4.539053938333871052e+00
8.981000000000000227e+02 -4.541095101945161083e+00
8.981499999999999773e+02 -4.543819915679032206e+00
8.982000000000000455e+02 -4.546413386911289933e+00
8.982500000000000000e+02 -4.547174523533870527e+00
8.982999999999999545e+02 -4.544715894193548600e+00
8.983500000000000227e+02 -4.538579194122580596e+00
8.983999999999999773e+02 -4.529946102059676960e+00
8.984500000000000455e+02 -4.521036096703225482e+00
8.985000000000000000e+02 -4.514083423409677387e+00
8.985499999999999545e+02 -4.510874751667741656e+00
8.986000000000000227e+02 -4.512404619743549006e+00
8.986499999999999773e+02 -4.517376118974193666e+00
8.987000000000000455e+02 -4.524635354241935303e+00
8.987500000000000000e+02 -4.531975402353225491e+00
8.987999999999999545e+02 -4.538611707688709807e+00
8.988500000000000227e+02 -4.543049107664516306e+00
8.988999999999999773e+02 -4.544918724240322838e+00
8.989500000000000455e+02 -4.544015708490322325e+00
8.990000000000000000e+02 -4.540868718309677199e+00
8.990499999999999545e+02 -4.536979126738709844e+00
8.991000000000000227e+02 -4.533232164164515687e+00
8.991499999999999773e+02 -4.530808509499999914e+00
8.992000000000000455e+02 -4.530556937945161344e+00
8.992500000000000000e+02 -4.531458300137096273e+00
8.992999999999999545e+02 -4.532990552412902829e+00
8.993500000000000227e+02 -4.533791239837096754e+00
8.993999999999999773e+02 -4.533424572949999565e+00
8.994500000000000455e+02 -4.531839060722580470e+00
8.995000000000000000e+02 -4.529150586811289791e+00
8.995499999999999545e+02 -4.526544233208064760e+00
8.996000000000000227e+02 -4.524700342919354412e+00
8.996499999999999773e+02 -4.524682096098387341e+00
8.997000000000000455e+02 -4.526687265980645414e+00
8.997500000000000000e+02 -4.531183771043548525e+00
8.997999999999999545e+02 -4.537194992975806862e+00
8.998500000000000227e+02 -4.543554481154838953e+00
8.998999999999999773e+02 -4.548699354025806940e+00
8.999500000000000455e+02 -4.551358333075806506e+00
9.000000000000000000e+02 -4.550395635416129458e+00
9.000499999999999545e+02 -4.546121457003225785e+00
9.001000000000000227e+02 -4.538483172390322729e+00
9.001499999999999773e+02 -4.528624332343548886e+00
9.002000000000000455e+02 -4.518273789501612292e+00
9.002500000000000000e+02 -4.509499241314515849e+00
9.002999999999999545e+02 -4.504590288879032123e+00
9.003500000000000227e+02 -4.505271420209677302e+00
9.003999999999999773e+02 -4.511428501345161379e+00
9.004500000000000455e+02 -4.521623994277419456e+00
9.005000000000000000e+02 -4.532521057287096866e+00
9.005499999999999545e+02 -4.541413969467742007e+00
9.006000000000000227e+02 -4.545770729646774200e+00
9.006499999999999773e+02 -4.545201348077418935e+00
9.007000000000000455e+02 -4.540701151349999520e+00
9.007500000000000000e+02 -4.534272867464515855e+00
9.007999999999999545e+02 -4.528087002882258183e+00
9.008500000000000227e+02 -4.523304432274193765e+00
9.008999999999999773e+02 -4.521273036191935546e+00
9.009500000000000455e+02 -4.521681426579031715e+00
9.010000000000000000e+02 -4.523583825904838207e+00
9.010499999999999545e+02 -4.526241151396773965e+00
9.011000000000000227e+02 -4.527924454279031785e+00
9.011499999999999773e+02 -4.528211654241935058e+00
9.012000000000000455e+02 -4.527894786370968205e+00
9.012500000000000000e+02 -4.527469437399999741e+00
9.012999999999999545e+02 -4.527551480798387651e+00
9.013500000000000227e+02 -4.528375087306451441e+00
9.013999999999999773e+02 -4.529896322270968057e+00
9.014500000000000455e+02 -4.530876016969354936e+00
9.015000000000000000e+02 -4.531127030929032351e+00
9.015499999999999545e+02 -4.530530884791935442e+00
9.016000000000000227e+02 -4.529012899261290137e+00
9.016499999999999773e+02 -4.526933300038709973e+00
9.017000000000000455e+02 -4.524913075087096281e+00
9.017500000000000000e+02 -4.523174089598387404e+00
9.017999999999999545e+02 -4.522020213708064951e+00
9.018500000000000227e+02 -4.521178033512903482e+00
9.018999999999999773e+02 -4.520725420061290301e+00
9.019500000000000455e+02 -4.520816961804838385e+00
9.020000000000000000e+02 -4.521578348383870960e+00
9.020499999999999545e+02 -4.522580481480645176e+00
9.021000000000000227e+02 -4.524362363341935200e+00
9.021499999999999773e+02 -4.526181315667741956e+00
9.022000000000000455e+02 -4.527678689404838863e+00
9.022500000000000000e+02 -4.528456553882257651e+00
9.022999999999999545e+02 -4.529087059417742367e+00
9.023500000000000227e+02 -4.528232727493548992e+00
9.023999999999999773e+02 -4.526778250129032344e+00
9.024500000000000455e+02 -4.525055665629031942e+00
9.025000000000000000e+02 -4.523365017872580829e+00
9.025499999999999545e+02 -4.522834898693548489e+00
9.026000000000000227e+02 -4.523129424303226287e+00
9.026499999999999773e+02 -4.524542581943548747e+00
9.027000000000000455e+02 -4.526435771335483693e+00
9.027500000000000000e+02 -4.528200175472580469e+00
9.027999999999999545e+02 -4.529196982574193342e+00
9.028500000000000227e+02 -4.528917185167742332e+00
9.028999999999999773e+02 -4.526858851470968226e+00
9.029500000000000455e+02 -4.523429564319354945e+00
9.030000000000000000e+02 -4.519191744956451373e+00
9.030499999999999545e+02 -4.515239471998387266e+00
9.031000000000000227e+02 -4.513213805687096958e+00
9.031499999999999773e+02 -4.513491199666129106e+00
9.032000000000000455e+02 -4.515950463511289925e+00
9.032500000000000000e+02 -4.519124391306450939e+00
9.032999999999999545e+02 -4.521911367287096972e+00
9.033500000000000227e+02 -4.523390974888710225e+00
9.033999999999999773e+02 -4.523633317282257593e+00
9.034500000000000455e+02 -4.522968683077419172e+00
9.035000000000000000e+02 -4.522125445374193475e+00
9.035499999999999545e+02 -4.521546488550000298e+00
9.036000000000000227e+02 -4.520055171450000131e+00
9.036499999999999773e+02 -4.517638611703225671e+00
9.037000000000000455e+02 -4.514467798750000149e+00
9.037500000000000000e+02 -4.511039184558064186e+00
9.037999999999999545e+02 -4.508817071703226098e+00
9.038500000000000227e+02 -4.508335290256451522e+00
9.038999999999999773e+02 -4.510405814137096847e+00
9.039500000000000455e+02 -4.514323150874193225e+00
9.040000000000000000e+02 -4.518965611277419470e+00
9.040499999999999545e+02 -4.522879813945161587e+00
9.041000000000000227e+02 -4.525561923580645463e+00
9.041499999999999773e+02 -4.526188833588709493e+00
9.042000000000000455e+02 -4.524932340961290045e+00
9.042500000000000000e+02 -4.522060668198387035e+00
9.042999999999999545e+02 -4.518131871919354836e+00
9.043500000000000227e+02 -4.514012032001613051e+00
9.043999999999999773e+02 -4.511278662066128931e+00
9.044500000000000455e+02 -4.510175469653225910e+00
9.045000000000000000e+02 -4.511526984187097078e+00
9.045499999999999545e+02 -4.514731810445161031e+00
9.046000000000000227e+02 -4.519081937164515672e+00
9.046499999999999773e+02 -4.522895695793548221e+00
9.047000000000000455e+02 -4.525535851199999904e+00
9.047500000000000000e+02 -4.526526236343548781e+00
9.047999999999999545e+02 -4.526416120912903018e+00
9.048500000000000227e+02 -4.525514970222580757e+00
9.048999999999999773e+02 -4.524797133748386990e+00
9.049500000000000455e+02 -4.524311872138709667e+00
9.050000000000000000e+02 -4.523314872762902894e+00
9.050499999999999545e+02 -4.522328948380645031e+00
9.051000000000000227e+02 -4.521542643066129408e+00
9.051499999999999773e+02 -4.521116121222580553e+00
9.052000000000000455e+02 -4.521111718143548508e+00
9.052500000000000000e+02 -4.520786640164516257e+00
9.052999999999999545e+02 -4.519573216956451311e+00
9.053500000000000227e+02 -4.517110684449999525e+00
9.053999999999999773e+02 -4.513921105535484202e+00
9.054500000000000455e+02 -4.511208174346774236e+00
9.055000000000000000e+02 -4.510028899035483541e+00
9.055499999999999545e+02 -4.511623217420967613e+00
9.056000000000000227e+02 -4.516139930501612554e+00
9.056499999999999773e+02 -4.522464059456451579e+00
9.057000000000000455e+02 -4.528781535724193397e+00
9.057500000000000000e+02 -4.532734558551612558e+00
9.057999999999999545e+02 -4.533226088300000178e+00
9.058500000000000227e+02 -4.529475011058064382e+00
9.058999999999999773e+02 -4.522346368422580198e+00
9.059500000000000455e+02 -4.513842619209677665e+00
9.060000000000000000e+02 -4.506504743796774015e+00
9.060499999999999545e+02 -4.502912273537096333e+00
9.061000000000000227e+02 -4.504191935204838515e+00
9.061499999999999773e+02 -4.510014920701612695e+00
9.062000000000000455e+02 -4.518387654279032439e+00
9.062500000000000000e+02 -4.526715761016129491e+00
9.062999999999999545e+02 -4.532209342364516225e+00
9.063500000000000227e+02 -4.533971496893548725e+00
9.063999999999999773e+02 -4.531857980503225747e+00
9.064500000000000455e+02 -4.527791400537096500e+00
9.065000000000000000e+02 -4.523296529804838428e+00
9.065499999999999545e+02 -4.520150500995161025e+00
9.066000000000000227e+02 -4.518522496170968239e+00
9.066499999999999773e+02 -4.517881569374193163e+00
9.067000000000000455e+02 -4.517454855256451296e+00
9.067500000000000000e+02 -4.516870649346773625e+00
9.067999999999999545e+02 -4.515935658398387176e+00
9.068500000000000227e+02 -4.514965577409677522e+00
9.068999999999999773e+02 -4.514593872938710284e+00
9.069500000000000455e+02 -4.515521153691935297e+00
9.070000000000000000e+02 -4.517079247619355087e+00
9.070499999999999545e+02 -4.518639225833871009e+00
9.071000000000000227e+02 -4.518700715120967715e+00
9.071499999999999773e+02 -4.517317975258064777e+00
9.072000000000000455e+02 -4.515012972998387220e+00
9.072500000000000000e+02 -4.513089538875806994e+00
9.072999999999999545e+02 -4.512866097035484358e+00
9.073500000000000227e+02 -4.515125280354838289e+00
9.073999999999999773e+02 -4.519270308191935648e+00
9.074500000000000455e+02 -4.524373938248387184e+00
9.075000000000000000e+02 -4.528567188453226144e+00
9.075499999999999545e+02 -4.530843522630645381e+00
9.076000000000000227e+02 -4.530504408635484204e+00
9.076499999999999773e+02 -4.527609739879031814e+00
9.077000000000000455e+02 -4.523197450912903150e+00
9.077500000000000000e+02 -4.518031524017741773e+00
9.077999999999999545e+02 -4.513795954262903365e+00
9.078500000000000227e+02 -4.510955199190322951e+00
9.078999999999999773e+02 -4.509887769777419564e+00
9.079500000000000455e+02 -4.511069275469354878e+00
9.080000000000000000e+02 -4.513677321085483918e+00
9.080499999999999545e+02 -4.516936253301612858e+00
9.081000000000000227e+02 -4.520191070850000159e+00
9.081499999999999773e+02 -4.522227542970967740e+00
9.082000000000000455e+02 -4.522842416614516026e+00
9.082500000000000000e+02 -4.522667235596774304e+00
9.082999999999999545e+02 -4.522146518625806522e+00
9.083500000000000227e+02 -4.522273054272580417e+00
9.083999999999999773e+02 -4.523199854340322901e+00
9.084500000000000455e+02 -4.524401875688710106e+00
9.085000000000000000e+02 -4.524719339609677426e+00
9.085499999999999545e+02 -4.523318545199999541e+00
9.086000000000000227e+02 -4.520149020483870572e+00
9.086499999999999773e+02 -4.515617925293548218e+00
9.087000000000000455e+02 -4.510934875808064959e+00
9.087500000000000000e+02 -4.507128154414515642e+00
9.087999999999999545e+02 -4.505871565649999688e+00
9.088500000000000227e+02 -4.507832051009676988e+00
9.088999999999999773e+02 -4.512254953511289912e+00
9.089500000000000455e+02 -4.518185747148387499e+00
9.090000000000000000e+02 -4.524620414537096735e+00
9.090499999999999545e+02 -4.529986614232258013e+00
9.091000000000000227e+02 -4.533227934132257886e+00
9.091499999999999773e+02 -4.534393634885484303e+00
9.092000000000000455e+02 -4.533877417130645071e+00
9.092500000000000000e+02 -4.532621962783871084e+00
9.092999999999999545e+02 -4.530545747587096272e+00
9.093500000000000227e+02 -4.528085753100000055e+00
9.093999999999999773e+02 -4.524867929106451747e+00
9.094500000000000455e+02 -4.521283630500000150e+00
9.095000000000000000e+02 -4.517351565559676985e+00
9.095499999999999545e+02 -4.514288233880645151e+00
9.096000000000000227e+02 -4.512747252356451355e+00
9.096499999999999773e+02 -4.513658478214516379e+00
9.097000000000000455e+02 -4.516917987253226130e+00
9.097500000000000000e+02 -4.521452966382257799e+00
9.097999999999999545e+02 -4.526500548511290134e+00
9.098500000000000227e+02 -4.530911433875806971e+00
9.098999999999999773e+02 -4.533781991448387672e+00
9.099500000000000455e+02 -4.535085975801612435e+00
9.100000000000000000e+02 -4.534944154356451484e+00
9.100499999999999545e+02 -4.533907873362903018e+00
9.101000000000000227e+02 -4.532583123396774383e+00
9.101499999999999773e+02 -4.531385062896774230e+00
9.102000000000000455e+02 -4.530960194611290071e+00
9.102500000000000000e+02 -4.531136721548387314e+00
9.102999999999999545e+02 -4.531128684487097047e+00
9.103500000000000227e+02 -4.529953062385484230e+00
9.103999999999999773e+02 -4.527542847687096916e+00
9.104500000000000455e+02 -4.524209582267741503e+00
9.105000000000000000e+02 -4.521266710370968056e+00
9.105499999999999545e+02 -4.519895814598386963e+00
9.106000000000000227e+02 -4.521549564937096477e+00
9.106499999999999773e+02 -4.525217291316129042e+00
9.107000000000000455e+02 -4.529712931145160937e+00
9.107500000000000000e+02 -4.533061405453225667e+00
9.107999999999999545e+02 -4.534123912646774279e+00
9.108500000000000227e+02 -4.532596505680645649e+00
9.108999999999999773e+02 -4.529685051387096983e+00
9.109500000000000455e+02 -4.527041261998387078e+00
9.110000000000000000e+02 -4.526006711472581046e+00
9.110499999999999545e+02 -4.527108058053226358e+00
9.111000000000000227e+02 -4.529759326908064487e+00
9.111499999999999773e+02 -4.532220763451612733e+00
9.112000000000000455e+02 -4.533458490117742379e+00
9.112500000000000000e+02 -4.532842078280645559e+00
9.112999999999999545e+02 -4.530393331833870718e+00
9.113500000000000227e+02 -4.527311368785484014e+00
9.113999999999999773e+02 -4.525051493279032222e+00
9.114500000000000455e+02 -4.524571307708064261e+00
9.115000000000000000e+02 -4.525917842340322572e+00
9.115499999999999545e+02 -4.528226901585483688e+00
9.116000000000000227e+02 -4.530759210396774428e+00
9.116499999999999773e+02 -4.531975363898387066e+00
9.117000000000000455e+02 -4.532543361093548384e+00
9.117500000000000000e+02 -4.532364392274192966e+00
9.117999999999999545e+02 -4.532468297248387401e+00
9.118500000000000227e+02 -4.532944291241935098e+00
9.118999999999999773e+02 -4.533760783604838807e+00
9.119500000000000455e+02 -4.534187017037096368e+00
9.120000000000000000e+02 -4.533548570577419667e+00
9.120499999999999545e+02 -4.531625405638710191e+00
9.121000000000000227e+02 -4.528650443179031981e+00
9.121499999999999773e+02 -4.524957202014515900e+00
9.122000000000000455e+02 -4.521271921001612348e+00
9.122500000000000000e+02 -4.518197418191935100e+00
9.122999999999999545e+02 -4.516097841680645431e+00
9.123500000000000227e+02 -4.515818794143548587e+00
9.123999999999999773e+02 -4.517136776058064740e+00
9.124500000000000455e+02 -4.519964033482257726e+00
9.125000000000000000e+02 -4.523680405232258117e+00
9.125499999999999545e+02 -4.527091868566129662e+00
9.126000000000000227e+02 -4.529567206533871015e+00
9.126499999999999773e+02 -4.530114726527418867e+00
9.127000000000000455e+02 -4.529091231767742087e+00
9.127500000000000000e+02 -4.527163548385483516e+00
9.127999999999999545e+02 -4.525192699446773936e+00
9.128500000000000227e+02 -4.523794731467742025e+00
9.128999999999999773e+02 -4.523403261209677062e+00
9.129500000000000455e+02 -4.523740721646773544e+00
9.130000000000000000e+02 -4.524308776524192943e+00
9.130499999999999545e+02 -4.524442041767741784e+00
9.131000000000000227e+02 -4.524284223109677150e+00
9.131499999999999773e+02 -4.524385705429032178e+00
9.132000000000000455e+02 -4.524748622969354983e+00
9.132500000000000000e+02 -4.526834971016128861e+00
9.132999999999999545e+02 -4.530527500766129201e+00
9.133500000000000227e+02 -4.535107164417741643e+00
9.133999999999999773e+02 -4.539856183179032278e+00
9.134500000000000455e+02 -4.543199273809677585e+00
9.135000000000000000e+02 -4.544161048553226223e+00
9.135499999999999545e+02 -4.542531447853225934e+00
9.136000000000000227e+02 -4.538658891775806836e+00
9.136499999999999773e+02 -4.533462066417741632e+00
9.137000000000000455e+02 -4.528680784046773766e+00
9.137500000000000000e+02 -4.525504222095161566e+00
9.137999999999999545e+02 -4.525241998550000311e+00
9.138500000000000227e+02 -4.527496471151613022e+00
9.138999999999999773e+02 -4.532058061029031748e+00
9.139500000000000455e+02 -4.536072054003225773e+00
9.140000000000000000e+02 -4.538961627493548256e+00
9.140499999999999545e+02 -4.538793060708064431e+00
9.141000000000000227e+02 -4.535889162790322615e+00
9.141499999999999773e+02 -4.531152449577419361e+00
9.142000000000000455e+02 -4.526319253174193591e+00
9.142500000000000000e+02 -4.523347040235483618e+00
9.142999999999999545e+02 -4.522613860280645603e+00
9.143500000000000227e+02 -4.524217080961290272e+00
9.143999999999999773e+02 -4.526662116516129153e+00
9.144500000000000455e+02 -4.528872250688709578e+00
9.145000000000000000e+02 -4.530182099404838958e+00
9.145499999999999545e+02 -4.530030779614516057e+00
9.146000000000000227e+02 -4.528905744853226167e+00
9.146499999999999773e+02 -4.527485107746773707e+00
9.147000000000000455e+02 -4.526685112509677644e+00
9.147500000000000000e+02 -4.526084524838710266e+00
9.147999999999999545e+02 -4.526063316995161401e+00
9.148500000000000227e+02 -4.526618085725806928e+00
9.148999999999999773e+02 -4.527149781553226227e+00
9.149500000000000455e+02 -4.527829663101612390e+00
9.150000000000000000e+02 -4.527491068246773942e+00
9.150499999999999545e+02 -4.526594589819354475e+00
9.151000000000000227e+02 -4.525653561461290053e+00
9.151499999999999773e+02 -4.524898404566129351e+00
9.152000000000000455e+02 -4.525633699537096710e+00
9.152500000000000000e+02 -4.527420465162903085e+00
9.152999999999999545e+02 -4.530102017203225806e+00
9.153500000000000227e+02 -4.532836733058064560e+00
9.153999999999999773e+02 -4.534611596911290121e+00
9.154500000000000455e+02 -4.535340431469355060e+00
9.155000000000000000e+02 -4.535147657362903040e+00
9.155499999999999545e+02 -4.535108164243548678e+00
9.156000000000000227e+02 -4.535227662654838454e+00
9.156499999999999773e+02 -4.535842286341935647e+00
9.157000000000000455e+02 -4.536194628801612616e+00
9.157500000000000000e+02 -4.536062574885484366e+00
9.157999999999999545e+02 -4.534285115330645155e+00
9.158500000000000227e+02 -4.531640403025806840e+00
9.158999999999999773e+02 -4.528660210708064682e+00
9.159500000000000455e+02 -4.526703724651612859e+00
9.160000000000000000e+02 -4.525781096933870984e+00
9.160499999999999545e+02 -4.526523986735483618e+00
9.161000000000000227e+02 -4.528399275399999979e+00
9.161499999999999773e+02 -4.531062080706451667e+00
9.162000000000000455e+02 -4.533942924948386910e+00
9.162500000000000000e+02 -4.536356658264516284e+00
9.162999999999999545e+02 -4.538291532701612674e+00
9.163500000000000227e+02 -4.539483036651613013e+00
9.163999999999999773e+02 -4.539824554074193053e+00
9.164500000000000455e+02 -4.539387322558064319e+00
9.165000000000000000e+02 -4.538650239437096445e+00
9.165499999999999545e+02 -4.537809693572580905e+00
9.166000000000000227e+02 -4.536834190451612514e+00
9.166499999999999773e+02 -4.536181784885483737e+00
9.167000000000000455e+02 -4.536376693235483870e+00
9.167500000000000000e+02 -4.536721671593548777e+00
9.167999999999999545e+02 -4.537932153006451585e+00
9.168500000000000227e+02 -4.539492342722580176e+00
9.168999999999999773e+02 -4.542100945933870371e+00
9.169500000000000455e+02 -4.544930510648387489e+00
9.170000000000000000e+02 -4.547341148350000140e+00
9.170499999999999545e+02 -4.549241336522580781e+00
9.171000000000000227e+02 -4.549827042170967673e+00
9.171499999999999773e+02 -4.549193556385484172e+00
9.172000000000000455e+02 -4.547669437308064389e+00
9.172500000000000000e+02 -4.545414291746774360e+00
9.172999999999999545e+02 -4.543250168788709686e+00
9.173500000000000227e+02 -4.541774618172580880e+00
9.173999999999999773e+02 -4.541877696367741635e+00
9.174500000000000455e+02 -4.543145187079032254e+00
9.175000000000000000e+02 -4.545824912514516036e+00
9.175499999999999545e+02 -4.548280734651612534e+00
9.176000000000000227e+02 -4.549932100790322842e+00
9.176499999999999773e+02 -4.549860267151612625e+00
9.177000000000000455e+02 -4.547776303304838841e+00
9.177500000000000000e+02 -4.544006421646773930e+00
9.177999999999999545e+02 -4.539595728556450993e+00
9.178500000000000227e+02 -4.535788872570967634e+00
9.178999999999999773e+02 -4.533798661620967785e+00
9.179500000000000455e+02 -4.533496233541935538e+00
9.180000000000000000e+02 -4.534692236708064428e+00
9.180499999999999545e+02 -4.536871876193548481e+00
9.181000000000000227e+02 -4.539568637122580519e+00
9.181499999999999773e+02 -4.542571883116129250e+00
9.182000000000000455e+02 -4.544916801498387393e+00
9.182500000000000000e+02 -4.546882882037096785e+00
9.182999999999999545e+02 -4.547394792849999590e+00
9.183500000000000227e+02 -4.546641501014516251e+00
9.183999999999999773e+02 -4.544949814977419678e+00
9.184500000000000455e+02 -4.542485205909676971e+00
9.185000000000000000e+02 -4.539953300874193687e+00
9.185499999999999545e+02 -4.538254250735484163e+00
9.186000000000000227e+02 -4.537304070125806277e+00
9.186499999999999773e+02 -4.537229833059677198e+00
9.187000000000000455e+02 -4.536972243322580312e+00
9.187500000000000000e+02 -4.536698656372580629e+00
9.187999999999999545e+02 -4.536436029051612806e+00
9.188500000000000227e+02 -4.536378058382258160e+00
9.188999999999999773e+02 -4.536589848406451075e+00
9.189500000000000455e+02 -4.537123505430645132e+00
9.190000000000000000e+02 -4.537787505130645549e+00
9.190499999999999545e+02 -4.538350637788710173e+00
9.191000000000000227e+02 -4.538193126769354713e+00
9.191499999999999773e+02 -4.538070128967741645e+00
9.192000000000000455e+02 -4.537373365745160925e+00
9.192500000000000000e+02 -4.536899775179032090e+00
9.192999999999999545e+02 -4.536734457827419575e+00
9.193500000000000227e+02 -4.536661605135483555e+00
9.193999999999999773e+02 -4.536764241100000206e+00
9.194500000000000455e+02 -4.536474849211289850e+00
9.195000000000000000e+02 -4.536289842982258236e+00
9.195499999999999545e+02 -4.535898391951612929e+00
9.196000000000000227e+02 -4.535769568241935445e+00
9.196499999999999773e+02 -4.535508440659677731e+00
9.197000000000000455e+02 -4.535543896020968191e+00
9.197500000000000000e+02 -4.535857187591934903e+00
9.197999999999999545e+02 -4.536303667496773606e+00
9.198500000000000227e+02 -4.536629091569354344e+00
9.198999999999999773e+02 -4.536399785366128867e+00
9.199500000000000455e+02 -4.535398286774193544e+00
9.200000000000000000e+02 -4.533836462727419025e+00
9.200499999999999545e+02 -4.532020740608064813e+00
9.201000000000000227e+02 -4.530992688949999625e+00
9.201499999999999773e+02 -4.531432516167742008e+00
9.202000000000000455e+02 -4.533770089675806858e+00
9.202500000000000000e+02 -4.537627475319355064e+00
9.202999999999999545e+02 -4.541282896150000248e+00
9.203500000000000227e+02 -4.543708512011289891e+00
9.203999999999999773e+02 -4.544190639551612954e+00
9.204500000000000455e+02 -4.542661732846774214e+00
9.205000000000000000e+02 -4.539768294645161184e+00
9.205499999999999545e+02 -4.536878509653226033e+00
9.206000000000000227e+02 -4.534935252061290001e+00
9.206499999999999773e+02 -4.534802486730645121e+00
9.207000000000000455e+02 -4.536096645872580879e+00
9.207500000000000000e+02 -4.537875912804838485e+00
9.207999999999999545e+02 -4.539164149901612433e+00
9.208500000000000227e+02 -4.538685617888710055e+00
9.208999999999999773e+02 -4.536246600516129490e+00
9.209500000000000455e+02 -4.532883167275806535e+00
9.210000000000000000e+02 -4.529500814254838303e+00
9.210499999999999545e+02 -4.527687668609677196e+00
9.211000000000000227e+02 -4.528448843687096215e+00
9.211499999999999773e+02 -4.531733867511290370e+00
9.212000000000000455e+02 -4.536382980601612935e+00
9.212500000000000000e+02 -4.539892888322580866e+00
9.212999999999999545e+02 -4.540906269459677347e+00
9.213500000000000227e+02 -4.538818190945161035e+00
9.213999999999999773e+02 -4.533926004819354816e+00
9.214500000000000455e+02 -4.527358572099999812e+00
9.215000000000000000e+02 -4.521404628650000035e+00
9.215499999999999545e+02 -4.516757784395161401e+00
9.216000000000000227e+02 -4.514233647237096747e+00
9.216499999999999773e+02 -4.513369970787096896e+00
9.217000000000000455e+02 -4.513806529343548313e+00
9.217500000000000000e+02 -4.515220398398387402e+00
9.217999999999999545e+02 -4.517100493917742376e+00
9.218500000000000227e+02 -4.519678679351613049e+00
9.218999999999999773e+02 -4.522347791251612570e+00
9.219500000000000455e+02 -4.524533641193548839e+00
9.220000000000000000e+02 -4.525803958335483657e+00
9.220499999999999545e+02 -4.525298200296774098e+00
9.221000000000000227e+02 -4.523383687696774125e+00
9.221499999999999773e+02 -4.520872029133871095e+00
9.222000000000000455e+02 -4.518039426487096222e+00
9.222500000000000000e+02 -4.515848846599999966e+00
9.222999999999999545e+02 -4.514733406320967646e+00
9.223500000000000227e+02 -4.514658534749999674e+00
9.223999999999999773e+02 -4.515215014720967979e+00
9.224500000000000455e+02 -4.515978900864515921e+00
9.225000000000000000e+02 -4.516874725559677728e+00
9.225499999999999545e+02 -4.516913526491935116e+00
9.226000000000000227e+02 -4.515784973112903167e+00
9.226499999999999773e+02 -4.513662342925806925e+00
9.227000000000000455e+02 -4.510865618643548736e+00
9.227500000000000000e+02 -4.508338616599999682e+00
9.227999999999999545e+02 -4.507444214733870247e+00
9.228500000000000227e+02 -4.508366765541935273e+00
9.228999999999999773e+02 -4.511199618145161239e+00
9.229500000000000455e+02 -4.514570223212903244e+00
9.230000000000000000e+02 -4.516916968200000326e+00
9.230499999999999545e+02 -4.517100320870968133e+00
9.231000000000000227e+02 -4.515176425290322371e+00
9.231499999999999773e+02 -4.512354763045161476e+00
9.232000000000000455e+02 -4.509210810796774105e+00
9.232500000000000000e+02 -4.507025133901612968e+00
9.232999999999999545e+02 -4.505639163832258376e+00
9.233500000000000227e+02 -4.504686425975806152e+00
9.233999999999999773e+02 -4.503643453840322941e+00
9.234500000000000455e+02 -4.502688581740322604e+00
9.235000000000000000e+02 -4.501922426761289842e+00
9.235499999999999545e+02 -4.502156059133870514e+00
9.236000000000000227e+02 -4.503541933066129488e+00
9.236499999999999773e+02 -4.505916480901612786e+00
9.237000000000000455e+02 -4.508565596285484034e+00
9.237500000000000000e+02 -4.510984694051612287e+00
9.237999999999999545e+02 -4.512414271908064656e+00
9.238500000000000227e+02 -4.513216478298387457e+00
9.238999999999999773e+02 -4.512887708654838903e+00
9.239500000000000455e+02 -4.511371261317742132e+00
9.240000000000000000e+02 -4.509155108962903391e+00
9.240499999999999545e+02 -4.506116311470967695e+00
9.241000000000000227e+02 -4.502553047661289831e+00
9.241499999999999773e+02 -4.499527882409677382e+00
9.242000000000000455e+02 -4.497269525869354467e+00
9.242500000000000000e+02 -4.496384314709676921e+00
9.242999999999999545e+02 -4.496702701546774428e+00
9.243500000000000227e+02 -4.497972499548387404e+00
9.243999999999999773e+02 -4.500289115169354481e+00
9.244500000000000455e+02 -4.503744782340322494e+00
9.245000000000000000e+02 -4.507600456743548811e+00
9.245499999999999545e+02 -4.511543154446774118e+00
9.246000000000000227e+02 -4.514713371350000060e+00
9.246499999999999773e+02 -4.516830464040322290e+00
9.247000000000000455e+02 -4.518046944408064647e+00
9.247500000000000000e+02 -4.518239718514515779e+00
9.247999999999999545e+02 -4.517556068391935575e+00
9.248500000000000227e+02 -4.515756131983870603e+00
9.248999999999999773e+02 -4.513071311282257803e+00
9.249500000000000455e+02 -4.509545963943548230e+00
9.250000000000000000e+02 -4.505817844240322501e+00
9.250499999999999545e+02 -4.502391210472580951e+00
9.251000000000000227e+02 -4.500143678969354966e+00
9.251499999999999773e+02 -4.499543072070967931e+00
9.252000000000000455e+02 -4.500443992032257867e+00
9.252500000000000000e+02 -4.502286382582258106e+00
9.252999999999999545e+02 -4.505142404225806807e+00
9.253500000000000227e+02 -4.508248170819354250e+00
9.253999999999999773e+02 -4.511286506853226186e+00
9.254500000000000455e+02 -4.513961617708064367e+00
9.255000000000000000e+02 -4.516034583470967867e+00
9.255499999999999545e+02 -4.516968959141935080e+00
9.256000000000000227e+02 -4.515907855550000072e+00
9.256499999999999773e+02 -4.513027799632258308e+00
9.257000000000000455e+02 -4.508983696519354822e+00
9.257500000000000000e+02 -4.504158575632257744e+00
9.257999999999999545e+02 -4.499755342780645151e+00
9.258500000000000227e+02 -4.495911512467741566e+00
9.258999999999999773e+02 -4.493570708753225951e+00
9.259500000000000455e+02 -4.492689343077419295e+00
9.260000000000000000e+02 -4.493377780827419343e+00
9.260499999999999545e+02 -4.495671054361290331e+00
9.261000000000000227e+02 -4.499023797156451288e+00
9.261499999999999773e+02 -4.502500652943548509e+00
9.262000000000000455e+02 -4.505541700043548481e+00
9.262500000000000000e+02 -4.507378668461289983e+00
9.262999999999999545e+02 -4.507770215629031796e+00
9.263500000000000227e+02 -4.507112560977419413e+00
9.263999999999999773e+02 -4.505359520245161065e+00
9.264500000000000455e+02 -4.503239812625806415e+00
9.265000000000000000e+02 -4.501157175470967609e+00
9.265499999999999545e+02 -4.499292788753225913e+00
9.266000000000000227e+02 -4.497476374446773839e+00
9.266499999999999773e+02 -4.496125244461289583e+00
9.267000000000000455e+02 -4.494459246256451657e+00
9.267500000000000000e+02 -4.492684247811290277e+00
9.267999999999999545e+02 -4.491002502349999759e+00
9.268500000000000227e+02 -4.489474749290322642e+00
9.268999999999999773e+02 -4.488578059361289618e+00
9.269500000000000455e+02 -4.488702306945161702e+00
9.270000000000000000e+02 -4.489798596714515533e+00
9.270499999999999545e+02 -4.491430946935484059e+00
9.271000000000000227e+02 -4.493482128032257883e+00
9.271499999999999773e+02 -4.495458053009677712e+00
9.272000000000000455e+02 -4.496710950109677363e+00
9.272500000000000000e+02 -4.497830178190322492e+00
9.272999999999999545e+02 -4.498835041580645289e+00
9.273500000000000227e+02 -4.499247008267741599e+00
9.273999999999999773e+02 -4.499509020311290186e+00
9.274500000000000455e+02 -4.499517845696773932e+00
9.275000000000000000e+02 -4.498680568493548471e+00
9.275499999999999545e+02 -4.497435131632258276e+00
9.276000000000000227e+02 -4.496098479893548827e+00
9.276499999999999773e+02 -4.494779728882257963e+00
9.277000000000000455e+02 -4.493340787272580350e+00
9.277500000000000000e+02 -4.492701398669354695e+00
9.277999999999999545e+02 -4.492943856427419114e+00
9.278500000000000227e+02 -4.494002575819354917e+00
9.278999999999999773e+02 -4.495368972375806571e+00
9.279500000000000455e+02 -4.496789974803226286e+00
9.280000000000000000e+02 -4.497734041093548463e+00
9.280499999999999545e+02 -4.497975037567742085e+00
9.281000000000000227e+02 -4.497691759998387440e+00
9.281499999999999773e+02 -4.497669129325806203e+00
9.282000000000000455e+02 -4.497855289200000328e+00
9.282500000000000000e+02 -4.498489813266129289e+00
9.282999999999999545e+02 -4.499099630098386982e+00
9.283500000000000227e+02 -4.499410998927419136e+00
9.283999999999999773e+02 -4.498764419269354775e+00
9.284500000000000455e+02 -4.497337744753226119e+00
9.285000000000000000e+02 -4.495482933290322336e+00
9.285499999999999545e+02 -4.493755772664515646e+00
9.286000000000000227e+02 -4.492761618946773616e+00
9.286499999999999773e+02 -4.492598705022580852e+00
9.287000000000000455e+02 -4.493858562448386884e+00
9.287500000000000000e+02 -4.496285235817741643e+00
9.287999999999999545e+02 -4.499136200649999751e+00
9.288500000000000227e+02 -4.502132159451612381e+00
9.288999999999999773e+02 -4.504362059411289643e+00
9.289500000000000455e+02 -4.505816459866129442e+00
9.290000000000000000e+02 -4.506038305830645463e+00
9.290499999999999545e+02 -4.505314239672580712e+00
9.291000000000000227e+02 -4.504279150779032292e+00
9.291499999999999773e+02 -4.503414051500000070e+00
9.292000000000000455e+02 -4.503015870872580706e+00
9.292500000000000000e+02 -4.503194474370967981e+00
9.292999999999999545e+02 -4.503529012240322871e+00
9.293500000000000227e+02 -4.503820076914515802e+00
9.293999999999999773e+02 -4.504062784629032201e+00
9.294500000000000455e+02 -4.504607555101612704e+00
9.295000000000000000e+02 -4.505827996317742112e+00
9.295499999999999545e+02 -4.507635931332258039e+00
9.296000000000000227e+02 -4.509653425990322262e+00
9.296499999999999773e+02 -4.511252743504838847e+00
9.297000000000000455e+02 -4.511830469774193553e+00
9.297500000000000000e+02 -4.511328999449999877e+00
9.297999999999999545e+02 -4.509258860117742351e+00
9.298500000000000227e+02 -4.506486285474193387e+00
9.298999999999999773e+02 -4.503382287803225914e+00
9.299500000000000455e+02 -4.501097589698387580e+00
9.300000000000000000e+02 -4.500345643782257987e+00
